Welcome to Group 42's Feature Selection Algorithm

Type in the name of the file to test: 
Type the number of the algorithm you want to run:
1. Forward Selection
2. Backward Elimination

This dataset has 40 features, with 1000 instances.

Normalizing data...

Using features {1,2,3,4,5,6,7,8,9,10,11,12,13,14,15,16,17,18,19,20,21,22,23,24,25,26,27,28,29,30,31,32,33,34,35,36,37,38,39,40}  the current accuracy is 70.9%

Beginning Backward Elimination search

	Using feature(s) {2,3,4,5,6,7,8,9,10,11,12,13,14,15,16,17,18,19,20,21,22,23,24,25,26,27,28,29,30,31,32,33,34,35,36,37,38,39,40} accuracy is 70.9%
	Using feature(s) {1,3,4,5,6,7,8,9,10,11,12,13,14,15,16,17,18,19,20,21,22,23,24,25,26,27,28,29,30,31,32,33,34,35,36,37,38,39,40} accuracy is 70.9%
	Using feature(s) {1,2,4,5,6,7,8,9,10,11,12,13,14,15,16,17,18,19,20,21,22,23,24,25,26,27,28,29,30,31,32,33,34,35,36,37,38,39,40} accuracy is 71.1%
	Using feature(s) {1,2,3,5,6,7,8,9,10,11,12,13,14,15,16,17,18,19,20,21,22,23,24,25,26,27,28,29,30,31,32,33,34,35,36,37,38,39,40} accuracy is 70.9%
	Using feature(s) {1,2,3,4,6,7,8,9,10,11,12,13,14,15,16,17,18,19,20,21,22,23,24,25,26,27,28,29,30,31,32,33,34,35,36,37,38,39,40} accuracy is 72.3%
	Using feature(s) {1,2,3,4,5,7,8,9,10,11,12,13,14,15,16,17,18,19,20,21,22,23,24,25,26,27,28,29,30,31,32,33,34,35,36,37,38,39,40} accuracy is 70.9%
	Using feature(s) {1,2,3,4,5,6,8,9,10,11,12,13,14,15,16,17,18,19,20,21,22,23,24,25,26,27,28,29,30,31,32,33,34,35,36,37,38,39,40} accuracy is 70.9%
	Using feature(s) {1,2,3,4,5,6,7,9,10,11,12,13,14,15,16,17,18,19,20,21,22,23,24,25,26,27,28,29,30,31,32,33,34,35,36,37,38,39,40} accuracy is 70.9%
	Using feature(s) {1,2,3,4,5,6,7,8,10,11,12,13,14,15,16,17,18,19,20,21,22,23,24,25,26,27,28,29,30,31,32,33,34,35,36,37,38,39,40} accuracy is 70.9%
	Using feature(s) {1,2,3,4,5,6,7,8,9,11,12,13,14,15,16,17,18,19,20,21,22,23,24,25,26,27,28,29,30,31,32,33,34,35,36,37,38,39,40} accuracy is 70.9%
	Using feature(s) {1,2,3,4,5,6,7,8,9,10,12,13,14,15,16,17,18,19,20,21,22,23,24,25,26,27,28,29,30,31,32,33,34,35,36,37,38,39,40} accuracy is 70.9%
	Using feature(s) {1,2,3,4,5,6,7,8,9,10,11,13,14,15,16,17,18,19,20,21,22,23,24,25,26,27,28,29,30,31,32,33,34,35,36,37,38,39,40} accuracy is 70.9%
	Using feature(s) {1,2,3,4,5,6,7,8,9,10,11,12,14,15,16,17,18,19,20,21,22,23,24,25,26,27,28,29,30,31,32,33,34,35,36,37,38,39,40} accuracy is 70.9%
	Using feature(s) {1,2,3,4,5,6,7,8,9,10,11,12,13,15,16,17,18,19,20,21,22,23,24,25,26,27,28,29,30,31,32,33,34,35,36,37,38,39,40} accuracy is 70.9%
	Using feature(s) {1,2,3,4,5,6,7,8,9,10,11,12,13,14,16,17,18,19,20,21,22,23,24,25,26,27,28,29,30,31,32,33,34,35,36,37,38,39,40} accuracy is 71.4%
	Using feature(s) {1,2,3,4,5,6,7,8,9,10,11,12,13,14,15,17,18,19,20,21,22,23,24,25,26,27,28,29,30,31,32,33,34,35,36,37,38,39,40} accuracy is 70.9%
	Using feature(s) {1,2,3,4,5,6,7,8,9,10,11,12,13,14,15,16,18,19,20,21,22,23,24,25,26,27,28,29,30,31,32,33,34,35,36,37,38,39,40} accuracy is 70.6%
	Using feature(s) {1,2,3,4,5,6,7,8,9,10,11,12,13,14,15,16,17,19,20,21,22,23,24,25,26,27,28,29,30,31,32,33,34,35,36,37,38,39,40} accuracy is 70.9%
	Using feature(s) {1,2,3,4,5,6,7,8,9,10,11,12,13,14,15,16,17,18,20,21,22,23,24,25,26,27,28,29,30,31,32,33,34,35,36,37,38,39,40} accuracy is 70.9%
	Using feature(s) {1,2,3,4,5,6,7,8,9,10,11,12,13,14,15,16,17,18,19,21,22,23,24,25,26,27,28,29,30,31,32,33,34,35,36,37,38,39,40} accuracy is 70.9%
	Using feature(s) {1,2,3,4,5,6,7,8,9,10,11,12,13,14,15,16,17,18,19,20,22,23,24,25,26,27,28,29,30,31,32,33,34,35,36,37,38,39,40} accuracy is 70.8%
	Using feature(s) {1,2,3,4,5,6,7,8,9,10,11,12,13,14,15,16,17,18,19,20,21,23,24,25,26,27,28,29,30,31,32,33,34,35,36,37,38,39,40} accuracy is 70.9%
	Using feature(s) {1,2,3,4,5,6,7,8,9,10,11,12,13,14,15,16,17,18,19,20,21,22,24,25,26,27,28,29,30,31,32,33,34,35,36,37,38,39,40} accuracy is 70.9%
	Using feature(s) {1,2,3,4,5,6,7,8,9,10,11,12,13,14,15,16,17,18,19,20,21,22,23,25,26,27,28,29,30,31,32,33,34,35,36,37,38,39,40} accuracy is 72.2%
	Using feature(s) {1,2,3,4,5,6,7,8,9,10,11,12,13,14,15,16,17,18,19,20,21,22,23,24,26,27,28,29,30,31,32,33,34,35,36,37,38,39,40} accuracy is 70.9%
	Using feature(s) {1,2,3,4,5,6,7,8,9,10,11,12,13,14,15,16,17,18,19,20,21,22,23,24,25,27,28,29,30,31,32,33,34,35,36,37,38,39,40} accuracy is 70.9%
	Using feature(s) {1,2,3,4,5,6,7,8,9,10,11,12,13,14,15,16,17,18,19,20,21,22,23,24,25,26,28,29,30,31,32,33,34,35,36,37,38,39,40} accuracy is 70.9%
	Using feature(s) {1,2,3,4,5,6,7,8,9,10,11,12,13,14,15,16,17,18,19,20,21,22,23,24,25,26,27,29,30,31,32,33,34,35,36,37,38,39,40} accuracy is 70.9%
	Using feature(s) {1,2,3,4,5,6,7,8,9,10,11,12,13,14,15,16,17,18,19,20,21,22,23,24,25,26,27,28,30,31,32,33,34,35,36,37,38,39,40} accuracy is 70.9%
	Using feature(s) {1,2,3,4,5,6,7,8,9,10,11,12,13,14,15,16,17,18,19,20,21,22,23,24,25,26,27,28,29,31,32,33,34,35,36,37,38,39,40} accuracy is 70.9%
	Using feature(s) {1,2,3,4,5,6,7,8,9,10,11,12,13,14,15,16,17,18,19,20,21,22,23,24,25,26,27,28,29,30,32,33,34,35,36,37,38,39,40} accuracy is 70.9%
	Using feature(s) {1,2,3,4,5,6,7,8,9,10,11,12,13,14,15,16,17,18,19,20,21,22,23,24,25,26,27,28,29,30,31,33,34,35,36,37,38,39,40} accuracy is 71%
	Using feature(s) {1,2,3,4,5,6,7,8,9,10,11,12,13,14,15,16,17,18,19,20,21,22,23,24,25,26,27,28,29,30,31,32,34,35,36,37,38,39,40} accuracy is 70.9%
	Using feature(s) {1,2,3,4,5,6,7,8,9,10,11,12,13,14,15,16,17,18,19,20,21,22,23,24,25,26,27,28,29,30,31,32,33,35,36,37,38,39,40} accuracy is 70.9%
	Using feature(s) {1,2,3,4,5,6,7,8,9,10,11,12,13,14,15,16,17,18,19,20,21,22,23,24,25,26,27,28,29,30,31,32,33,34,36,37,38,39,40} accuracy is 70.9%
	Using feature(s) {1,2,3,4,5,6,7,8,9,10,11,12,13,14,15,16,17,18,19,20,21,22,23,24,25,26,27,28,29,30,31,32,33,34,35,37,38,39,40} accuracy is 70.9%
	Using feature(s) {1,2,3,4,5,6,7,8,9,10,11,12,13,14,15,16,17,18,19,20,21,22,23,24,25,26,27,28,29,30,31,32,33,34,35,36,38,39,40} accuracy is 70.9%
	Using feature(s) {1,2,3,4,5,6,7,8,9,10,11,12,13,14,15,16,17,18,19,20,21,22,23,24,25,26,27,28,29,30,31,32,33,34,35,36,37,39,40} accuracy is 70.9%
	Using feature(s) {1,2,3,4,5,6,7,8,9,10,11,12,13,14,15,16,17,18,19,20,21,22,23,24,25,26,27,28,29,30,31,32,33,34,35,36,37,38,40} accuracy is 70.9%
	Using feature(s) {1,2,3,4,5,6,7,8,9,10,11,12,13,14,15,16,17,18,19,20,21,22,23,24,25,26,27,28,29,30,31,32,33,34,35,36,37,38,39} accuracy is 70.9%

Feature set {1,2,3,4,6,7,8,9,10,11,12,13,14,15,16,17,18,19,20,21,22,23,24,25,26,27,28,29,30,31,32,33,34,35,36,37,38,39,40} was best, accuracy is 72.3%

	Using feature(s) {2,3,4,6,7,8,9,10,11,12,13,14,15,16,17,18,19,20,21,22,23,24,25,26,27,28,29,30,31,32,33,34,35,36,37,38,39,40} accuracy is 72.5%
	Using feature(s) {1,3,4,6,7,8,9,10,11,12,13,14,15,16,17,18,19,20,21,22,23,24,25,26,27,28,29,30,31,32,33,34,35,36,37,38,39,40} accuracy is 72.3%
	Using feature(s) {1,2,4,6,7,8,9,10,11,12,13,14,15,16,17,18,19,20,21,22,23,24,25,26,27,28,29,30,31,32,33,34,35,36,37,38,39,40} accuracy is 72%
	Using feature(s) {1,2,3,6,7,8,9,10,11,12,13,14,15,16,17,18,19,20,21,22,23,24,25,26,27,28,29,30,31,32,33,34,35,36,37,38,39,40} accuracy is 72.3%
	Using feature(s) {1,2,3,4,7,8,9,10,11,12,13,14,15,16,17,18,19,20,21,22,23,24,25,26,27,28,29,30,31,32,33,34,35,36,37,38,39,40} accuracy is 72.3%
	Using feature(s) {1,2,3,4,6,8,9,10,11,12,13,14,15,16,17,18,19,20,21,22,23,24,25,26,27,28,29,30,31,32,33,34,35,36,37,38,39,40} accuracy is 72.3%
	Using feature(s) {1,2,3,4,6,7,9,10,11,12,13,14,15,16,17,18,19,20,21,22,23,24,25,26,27,28,29,30,31,32,33,34,35,36,37,38,39,40} accuracy is 72.3%
	Using feature(s) {1,2,3,4,6,7,8,10,11,12,13,14,15,16,17,18,19,20,21,22,23,24,25,26,27,28,29,30,31,32,33,34,35,36,37,38,39,40} accuracy is 72.1%
	Using feature(s) {1,2,3,4,6,7,8,9,11,12,13,14,15,16,17,18,19,20,21,22,23,24,25,26,27,28,29,30,31,32,33,34,35,36,37,38,39,40} accuracy is 72.3%
	Using feature(s) {1,2,3,4,6,7,8,9,10,12,13,14,15,16,17,18,19,20,21,22,23,24,25,26,27,28,29,30,31,32,33,34,35,36,37,38,39,40} accuracy is 72.3%
	Using feature(s) {1,2,3,4,6,7,8,9,10,11,13,14,15,16,17,18,19,20,21,22,23,24,25,26,27,28,29,30,31,32,33,34,35,36,37,38,39,40} accuracy is 72.3%
	Using feature(s) {1,2,3,4,6,7,8,9,10,11,12,14,15,16,17,18,19,20,21,22,23,24,25,26,27,28,29,30,31,32,33,34,35,36,37,38,39,40} accuracy is 72.3%
	Using feature(s) {1,2,3,4,6,7,8,9,10,11,12,13,15,16,17,18,19,20,21,22,23,24,25,26,27,28,29,30,31,32,33,34,35,36,37,38,39,40} accuracy is 72.3%
	Using feature(s) {1,2,3,4,6,7,8,9,10,11,12,13,14,16,17,18,19,20,21,22,23,24,25,26,27,28,29,30,31,32,33,34,35,36,37,38,39,40} accuracy is 72.3%
	Using feature(s) {1,2,3,4,6,7,8,9,10,11,12,13,14,15,17,18,19,20,21,22,23,24,25,26,27,28,29,30,31,32,33,34,35,36,37,38,39,40} accuracy is 72.3%
	Using feature(s) {1,2,3,4,6,7,8,9,10,11,12,13,14,15,16,18,19,20,21,22,23,24,25,26,27,28,29,30,31,32,33,34,35,36,37,38,39,40} accuracy is 72.3%
	Using feature(s) {1,2,3,4,6,7,8,9,10,11,12,13,14,15,16,17,19,20,21,22,23,24,25,26,27,28,29,30,31,32,33,34,35,36,37,38,39,40} accuracy is 72.5%
	Using feature(s) {1,2,3,4,6,7,8,9,10,11,12,13,14,15,16,17,18,20,21,22,23,24,25,26,27,28,29,30,31,32,33,34,35,36,37,38,39,40} accuracy is 72.3%
	Using feature(s) {1,2,3,4,6,7,8,9,10,11,12,13,14,15,16,17,18,19,21,22,23,24,25,26,27,28,29,30,31,32,33,34,35,36,37,38,39,40} accuracy is 72.3%
	Using feature(s) {1,2,3,4,6,7,8,9,10,11,12,13,14,15,16,17,18,19,20,22,23,24,25,26,27,28,29,30,31,32,33,34,35,36,37,38,39,40} accuracy is 72.4%
	Using feature(s) {1,2,3,4,6,7,8,9,10,11,12,13,14,15,16,17,18,19,20,21,23,24,25,26,27,28,29,30,31,32,33,34,35,36,37,38,39,40} accuracy is 72.3%
	Using feature(s) {1,2,3,4,6,7,8,9,10,11,12,13,14,15,16,17,18,19,20,21,22,24,25,26,27,28,29,30,31,32,33,34,35,36,37,38,39,40} accuracy is 72.2%
	Using feature(s) {1,2,3,4,6,7,8,9,10,11,12,13,14,15,16,17,18,19,20,21,22,23,25,26,27,28,29,30,31,32,33,34,35,36,37,38,39,40} accuracy is 73.1%
	Using feature(s) {1,2,3,4,6,7,8,9,10,11,12,13,14,15,16,17,18,19,20,21,22,23,24,26,27,28,29,30,31,32,33,34,35,36,37,38,39,40} accuracy is 72.4%
	Using feature(s) {1,2,3,4,6,7,8,9,10,11,12,13,14,15,16,17,18,19,20,21,22,23,24,25,27,28,29,30,31,32,33,34,35,36,37,38,39,40} accuracy is 72.3%
	Using feature(s) {1,2,3,4,6,7,8,9,10,11,12,13,14,15,16,17,18,19,20,21,22,23,24,25,26,28,29,30,31,32,33,34,35,36,37,38,39,40} accuracy is 72.2%
	Using feature(s) {1,2,3,4,6,7,8,9,10,11,12,13,14,15,16,17,18,19,20,21,22,23,24,25,26,27,29,30,31,32,33,34,35,36,37,38,39,40} accuracy is 72.1%
	Using feature(s) {1,2,3,4,6,7,8,9,10,11,12,13,14,15,16,17,18,19,20,21,22,23,24,25,26,27,28,30,31,32,33,34,35,36,37,38,39,40} accuracy is 72.3%
	Using feature(s) {1,2,3,4,6,7,8,9,10,11,12,13,14,15,16,17,18,19,20,21,22,23,24,25,26,27,28,29,31,32,33,34,35,36,37,38,39,40} accuracy is 72.1%
	Using feature(s) {1,2,3,4,6,7,8,9,10,11,12,13,14,15,16,17,18,19,20,21,22,23,24,25,26,27,28,29,30,32,33,34,35,36,37,38,39,40} accuracy is 72.3%
	Using feature(s) {1,2,3,4,6,7,8,9,10,11,12,13,14,15,16,17,18,19,20,21,22,23,24,25,26,27,28,29,30,31,33,34,35,36,37,38,39,40} accuracy is 72.3%
	Using feature(s) {1,2,3,4,6,7,8,9,10,11,12,13,14,15,16,17,18,19,20,21,22,23,24,25,26,27,28,29,30,31,32,34,35,36,37,38,39,40} accuracy is 72.3%
	Using feature(s) {1,2,3,4,6,7,8,9,10,11,12,13,14,15,16,17,18,19,20,21,22,23,24,25,26,27,28,29,30,31,32,33,35,36,37,38,39,40} accuracy is 72.3%
	Using feature(s) {1,2,3,4,6,7,8,9,10,11,12,13,14,15,16,17,18,19,20,21,22,23,24,25,26,27,28,29,30,31,32,33,34,36,37,38,39,40} accuracy is 72.3%
	Using feature(s) {1,2,3,4,6,7,8,9,10,11,12,13,14,15,16,17,18,19,20,21,22,23,24,25,26,27,28,29,30,31,32,33,34,35,37,38,39,40} accuracy is 72.3%
	Using feature(s) {1,2,3,4,6,7,8,9,10,11,12,13,14,15,16,17,18,19,20,21,22,23,24,25,26,27,28,29,30,31,32,33,34,35,36,38,39,40} accuracy is 72.3%
	Using feature(s) {1,2,3,4,6,7,8,9,10,11,12,13,14,15,16,17,18,19,20,21,22,23,24,25,26,27,28,29,30,31,32,33,34,35,36,37,39,40} accuracy is 72.3%
	Using feature(s) {1,2,3,4,6,7,8,9,10,11,12,13,14,15,16,17,18,19,20,21,22,23,24,25,26,27,28,29,30,31,32,33,34,35,36,37,38,40} accuracy is 72.3%
	Using feature(s) {1,2,3,4,6,7,8,9,10,11,12,13,14,15,16,17,18,19,20,21,22,23,24,25,26,27,28,29,30,31,32,33,34,35,36,37,38,39} accuracy is 72.5%

Feature set {1,2,3,4,6,7,8,9,10,11,12,13,14,15,16,17,18,19,20,21,22,23,25,26,27,28,29,30,31,32,33,34,35,36,37,38,39,40} was best, accuracy is 73.1%

	Using feature(s) {2,3,4,6,7,8,9,10,11,12,13,14,15,16,17,18,19,20,21,22,23,25,26,27,28,29,30,31,32,33,34,35,36,37,38,39,40} accuracy is 73.7%
	Using feature(s) {1,3,4,6,7,8,9,10,11,12,13,14,15,16,17,18,19,20,21,22,23,25,26,27,28,29,30,31,32,33,34,35,36,37,38,39,40} accuracy is 73.1%
	Using feature(s) {1,2,4,6,7,8,9,10,11,12,13,14,15,16,17,18,19,20,21,22,23,25,26,27,28,29,30,31,32,33,34,35,36,37,38,39,40} accuracy is 70.8%
	Using feature(s) {1,2,3,6,7,8,9,10,11,12,13,14,15,16,17,18,19,20,21,22,23,25,26,27,28,29,30,31,32,33,34,35,36,37,38,39,40} accuracy is 73.1%
	Using feature(s) {1,2,3,4,7,8,9,10,11,12,13,14,15,16,17,18,19,20,21,22,23,25,26,27,28,29,30,31,32,33,34,35,36,37,38,39,40} accuracy is 73.1%
	Using feature(s) {1,2,3,4,6,8,9,10,11,12,13,14,15,16,17,18,19,20,21,22,23,25,26,27,28,29,30,31,32,33,34,35,36,37,38,39,40} accuracy is 73.1%
	Using feature(s) {1,2,3,4,6,7,9,10,11,12,13,14,15,16,17,18,19,20,21,22,23,25,26,27,28,29,30,31,32,33,34,35,36,37,38,39,40} accuracy is 73.1%
	Using feature(s) {1,2,3,4,6,7,8,10,11,12,13,14,15,16,17,18,19,20,21,22,23,25,26,27,28,29,30,31,32,33,34,35,36,37,38,39,40} accuracy is 70.2%
	Using feature(s) {1,2,3,4,6,7,8,9,11,12,13,14,15,16,17,18,19,20,21,22,23,25,26,27,28,29,30,31,32,33,34,35,36,37,38,39,40} accuracy is 73.3%
	Using feature(s) {1,2,3,4,6,7,8,9,10,12,13,14,15,16,17,18,19,20,21,22,23,25,26,27,28,29,30,31,32,33,34,35,36,37,38,39,40} accuracy is 73.1%
	Using feature(s) {1,2,3,4,6,7,8,9,10,11,13,14,15,16,17,18,19,20,21,22,23,25,26,27,28,29,30,31,32,33,34,35,36,37,38,39,40} accuracy is 73.1%
	Using feature(s) {1,2,3,4,6,7,8,9,10,11,12,14,15,16,17,18,19,20,21,22,23,25,26,27,28,29,30,31,32,33,34,35,36,37,38,39,40} accuracy is 73.1%
	Using feature(s) {1,2,3,4,6,7,8,9,10,11,12,13,15,16,17,18,19,20,21,22,23,25,26,27,28,29,30,31,32,33,34,35,36,37,38,39,40} accuracy is 73.1%
	Using feature(s) {1,2,3,4,6,7,8,9,10,11,12,13,14,16,17,18,19,20,21,22,23,25,26,27,28,29,30,31,32,33,34,35,36,37,38,39,40} accuracy is 72.3%
	Using feature(s) {1,2,3,4,6,7,8,9,10,11,12,13,14,15,17,18,19,20,21,22,23,25,26,27,28,29,30,31,32,33,34,35,36,37,38,39,40} accuracy is 73.1%
	Using feature(s) {1,2,3,4,6,7,8,9,10,11,12,13,14,15,16,18,19,20,21,22,23,25,26,27,28,29,30,31,32,33,34,35,36,37,38,39,40} accuracy is 72.8%
	Using feature(s) {1,2,3,4,6,7,8,9,10,11,12,13,14,15,16,17,19,20,21,22,23,25,26,27,28,29,30,31,32,33,34,35,36,37,38,39,40} accuracy is 73.5%
	Using feature(s) {1,2,3,4,6,7,8,9,10,11,12,13,14,15,16,17,18,20,21,22,23,25,26,27,28,29,30,31,32,33,34,35,36,37,38,39,40} accuracy is 73.1%
	Using feature(s) {1,2,3,4,6,7,8,9,10,11,12,13,14,15,16,17,18,19,21,22,23,25,26,27,28,29,30,31,32,33,34,35,36,37,38,39,40} accuracy is 73.1%
	Using feature(s) {1,2,3,4,6,7,8,9,10,11,12,13,14,15,16,17,18,19,20,22,23,25,26,27,28,29,30,31,32,33,34,35,36,37,38,39,40} accuracy is 72.9%
	Using feature(s) {1,2,3,4,6,7,8,9,10,11,12,13,14,15,16,17,18,19,20,21,23,25,26,27,28,29,30,31,32,33,34,35,36,37,38,39,40} accuracy is 73.1%
	Using feature(s) {1,2,3,4,6,7,8,9,10,11,12,13,14,15,16,17,18,19,20,21,22,25,26,27,28,29,30,31,32,33,34,35,36,37,38,39,40} accuracy is 73.1%
	Using feature(s) {1,2,3,4,6,7,8,9,10,11,12,13,14,15,16,17,18,19,20,21,22,23,26,27,28,29,30,31,32,33,34,35,36,37,38,39,40} accuracy is 73.1%
	Using feature(s) {1,2,3,4,6,7,8,9,10,11,12,13,14,15,16,17,18,19,20,21,22,23,25,27,28,29,30,31,32,33,34,35,36,37,38,39,40} accuracy is 73.1%
	Using feature(s) {1,2,3,4,6,7,8,9,10,11,12,13,14,15,16,17,18,19,20,21,22,23,25,26,28,29,30,31,32,33,34,35,36,37,38,39,40} accuracy is 73.3%
	Using feature(s) {1,2,3,4,6,7,8,9,10,11,12,13,14,15,16,17,18,19,20,21,22,23,25,26,27,29,30,31,32,33,34,35,36,37,38,39,40} accuracy is 73.5%
	Using feature(s) {1,2,3,4,6,7,8,9,10,11,12,13,14,15,16,17,18,19,20,21,22,23,25,26,27,28,30,31,32,33,34,35,36,37,38,39,40} accuracy is 73.1%
	Using feature(s) {1,2,3,4,6,7,8,9,10,11,12,13,14,15,16,17,18,19,20,21,22,23,25,26,27,28,29,31,32,33,34,35,36,37,38,39,40} accuracy is 72.7%
	Using feature(s) {1,2,3,4,6,7,8,9,10,11,12,13,14,15,16,17,18,19,20,21,22,23,25,26,27,28,29,30,32,33,34,35,36,37,38,39,40} accuracy is 73.1%
	Using feature(s) {1,2,3,4,6,7,8,9,10,11,12,13,14,15,16,17,18,19,20,21,22,23,25,26,27,28,29,30,31,33,34,35,36,37,38,39,40} accuracy is 73.5%
	Using feature(s) {1,2,3,4,6,7,8,9,10,11,12,13,14,15,16,17,18,19,20,21,22,23,25,26,27,28,29,30,31,32,34,35,36,37,38,39,40} accuracy is 73.1%
	Using feature(s) {1,2,3,4,6,7,8,9,10,11,12,13,14,15,16,17,18,19,20,21,22,23,25,26,27,28,29,30,31,32,33,35,36,37,38,39,40} accuracy is 73.1%
	Using feature(s) {1,2,3,4,6,7,8,9,10,11,12,13,14,15,16,17,18,19,20,21,22,23,25,26,27,28,29,30,31,32,33,34,36,37,38,39,40} accuracy is 73%
	Using feature(s) {1,2,3,4,6,7,8,9,10,11,12,13,14,15,16,17,18,19,20,21,22,23,25,26,27,28,29,30,31,32,33,34,35,37,38,39,40} accuracy is 73.1%
	Using feature(s) {1,2,3,4,6,7,8,9,10,11,12,13,14,15,16,17,18,19,20,21,22,23,25,26,27,28,29,30,31,32,33,34,35,36,38,39,40} accuracy is 73.1%
	Using feature(s) {1,2,3,4,6,7,8,9,10,11,12,13,14,15,16,17,18,19,20,21,22,23,25,26,27,28,29,30,31,32,33,34,35,36,37,39,40} accuracy is 73.1%
	Using feature(s) {1,2,3,4,6,7,8,9,10,11,12,13,14,15,16,17,18,19,20,21,22,23,25,26,27,28,29,30,31,32,33,34,35,36,37,38,40} accuracy is 73.1%
	Using feature(s) {1,2,3,4,6,7,8,9,10,11,12,13,14,15,16,17,18,19,20,21,22,23,25,26,27,28,29,30,31,32,33,34,35,36,37,38,39} accuracy is 73.9%

Feature set {1,2,3,4,6,7,8,9,10,11,12,13,14,15,16,17,18,19,20,21,22,23,25,26,27,28,29,30,31,32,33,34,35,36,37,38,39} was best, accuracy is 73.9%

	Using feature(s) {2,3,4,6,7,8,9,10,11,12,13,14,15,16,17,18,19,20,21,22,23,25,26,27,28,29,30,31,32,33,34,35,36,37,38,39} accuracy is 74%
	Using feature(s) {1,3,4,6,7,8,9,10,11,12,13,14,15,16,17,18,19,20,21,22,23,25,26,27,28,29,30,31,32,33,34,35,36,37,38,39} accuracy is 73.9%
	Using feature(s) {1,2,4,6,7,8,9,10,11,12,13,14,15,16,17,18,19,20,21,22,23,25,26,27,28,29,30,31,32,33,34,35,36,37,38,39} accuracy is 71.7%
	Using feature(s) {1,2,3,6,7,8,9,10,11,12,13,14,15,16,17,18,19,20,21,22,23,25,26,27,28,29,30,31,32,33,34,35,36,37,38,39} accuracy is 73.9%
	Using feature(s) {1,2,3,4,7,8,9,10,11,12,13,14,15,16,17,18,19,20,21,22,23,25,26,27,28,29,30,31,32,33,34,35,36,37,38,39} accuracy is 73.9%
	Using feature(s) {1,2,3,4,6,8,9,10,11,12,13,14,15,16,17,18,19,20,21,22,23,25,26,27,28,29,30,31,32,33,34,35,36,37,38,39} accuracy is 73.9%
	Using feature(s) {1,2,3,4,6,7,9,10,11,12,13,14,15,16,17,18,19,20,21,22,23,25,26,27,28,29,30,31,32,33,34,35,36,37,38,39} accuracy is 73.8%
	Using feature(s) {1,2,3,4,6,7,8,10,11,12,13,14,15,16,17,18,19,20,21,22,23,25,26,27,28,29,30,31,32,33,34,35,36,37,38,39} accuracy is 71.8%
	Using feature(s) {1,2,3,4,6,7,8,9,11,12,13,14,15,16,17,18,19,20,21,22,23,25,26,27,28,29,30,31,32,33,34,35,36,37,38,39} accuracy is 73.7%
	Using feature(s) {1,2,3,4,6,7,8,9,10,12,13,14,15,16,17,18,19,20,21,22,23,25,26,27,28,29,30,31,32,33,34,35,36,37,38,39} accuracy is 73.9%
	Using feature(s) {1,2,3,4,6,7,8,9,10,11,13,14,15,16,17,18,19,20,21,22,23,25,26,27,28,29,30,31,32,33,34,35,36,37,38,39} accuracy is 73.9%
	Using feature(s) {1,2,3,4,6,7,8,9,10,11,12,14,15,16,17,18,19,20,21,22,23,25,26,27,28,29,30,31,32,33,34,35,36,37,38,39} accuracy is 73.9%
	Using feature(s) {1,2,3,4,6,7,8,9,10,11,12,13,15,16,17,18,19,20,21,22,23,25,26,27,28,29,30,31,32,33,34,35,36,37,38,39} accuracy is 73.9%
	Using feature(s) {1,2,3,4,6,7,8,9,10,11,12,13,14,16,17,18,19,20,21,22,23,25,26,27,28,29,30,31,32,33,34,35,36,37,38,39} accuracy is 72.6%
	Using feature(s) {1,2,3,4,6,7,8,9,10,11,12,13,14,15,17,18,19,20,21,22,23,25,26,27,28,29,30,31,32,33,34,35,36,37,38,39} accuracy is 73.9%
	Using feature(s) {1,2,3,4,6,7,8,9,10,11,12,13,14,15,16,18,19,20,21,22,23,25,26,27,28,29,30,31,32,33,34,35,36,37,38,39} accuracy is 73.3%
	Using feature(s) {1,2,3,4,6,7,8,9,10,11,12,13,14,15,16,17,19,20,21,22,23,25,26,27,28,29,30,31,32,33,34,35,36,37,38,39} accuracy is 73.8%
	Using feature(s) {1,2,3,4,6,7,8,9,10,11,12,13,14,15,16,17,18,20,21,22,23,25,26,27,28,29,30,31,32,33,34,35,36,37,38,39} accuracy is 73.9%
	Using feature(s) {1,2,3,4,6,7,8,9,10,11,12,13,14,15,16,17,18,19,21,22,23,25,26,27,28,29,30,31,32,33,34,35,36,37,38,39} accuracy is 73.7%
	Using feature(s) {1,2,3,4,6,7,8,9,10,11,12,13,14,15,16,17,18,19,20,22,23,25,26,27,28,29,30,31,32,33,34,35,36,37,38,39} accuracy is 73.6%
	Using feature(s) {1,2,3,4,6,7,8,9,10,11,12,13,14,15,16,17,18,19,20,21,23,25,26,27,28,29,30,31,32,33,34,35,36,37,38,39} accuracy is 73.8%
	Using feature(s) {1,2,3,4,6,7,8,9,10,11,12,13,14,15,16,17,18,19,20,21,22,25,26,27,28,29,30,31,32,33,34,35,36,37,38,39} accuracy is 73.9%
	Using feature(s) {1,2,3,4,6,7,8,9,10,11,12,13,14,15,16,17,18,19,20,21,22,23,26,27,28,29,30,31,32,33,34,35,36,37,38,39} accuracy is 73.8%
	Using feature(s) {1,2,3,4,6,7,8,9,10,11,12,13,14,15,16,17,18,19,20,21,22,23,25,27,28,29,30,31,32,33,34,35,36,37,38,39} accuracy is 73.9%
	Using feature(s) {1,2,3,4,6,7,8,9,10,11,12,13,14,15,16,17,18,19,20,21,22,23,25,26,28,29,30,31,32,33,34,35,36,37,38,39} accuracy is 74%
	Using feature(s) {1,2,3,4,6,7,8,9,10,11,12,13,14,15,16,17,18,19,20,21,22,23,25,26,27,29,30,31,32,33,34,35,36,37,38,39} accuracy is 74.1%
	Using feature(s) {1,2,3,4,6,7,8,9,10,11,12,13,14,15,16,17,18,19,20,21,22,23,25,26,27,28,30,31,32,33,34,35,36,37,38,39} accuracy is 73.9%
	Using feature(s) {1,2,3,4,6,7,8,9,10,11,12,13,14,15,16,17,18,19,20,21,22,23,25,26,27,28,29,31,32,33,34,35,36,37,38,39} accuracy is 73.4%
	Using feature(s) {1,2,3,4,6,7,8,9,10,11,12,13,14,15,16,17,18,19,20,21,22,23,25,26,27,28,29,30,32,33,34,35,36,37,38,39} accuracy is 73.9%
	Using feature(s) {1,2,3,4,6,7,8,9,10,11,12,13,14,15,16,17,18,19,20,21,22,23,25,26,27,28,29,30,31,33,34,35,36,37,38,39} accuracy is 73.5%
	Using feature(s) {1,2,3,4,6,7,8,9,10,11,12,13,14,15,16,17,18,19,20,21,22,23,25,26,27,28,29,30,31,32,34,35,36,37,38,39} accuracy is 73.9%
	Using feature(s) {1,2,3,4,6,7,8,9,10,11,12,13,14,15,16,17,18,19,20,21,22,23,25,26,27,28,29,30,31,32,33,35,36,37,38,39} accuracy is 73.9%
	Using feature(s) {1,2,3,4,6,7,8,9,10,11,12,13,14,15,16,17,18,19,20,21,22,23,25,26,27,28,29,30,31,32,33,34,36,37,38,39} accuracy is 73.8%
	Using feature(s) {1,2,3,4,6,7,8,9,10,11,12,13,14,15,16,17,18,19,20,21,22,23,25,26,27,28,29,30,31,32,33,34,35,37,38,39} accuracy is 73.9%
	Using feature(s) {1,2,3,4,6,7,8,9,10,11,12,13,14,15,16,17,18,19,20,21,22,23,25,26,27,28,29,30,31,32,33,34,35,36,38,39} accuracy is 73.9%
	Using feature(s) {1,2,3,4,6,7,8,9,10,11,12,13,14,15,16,17,18,19,20,21,22,23,25,26,27,28,29,30,31,32,33,34,35,36,37,39} accuracy is 73.9%
	Using feature(s) {1,2,3,4,6,7,8,9,10,11,12,13,14,15,16,17,18,19,20,21,22,23,25,26,27,28,29,30,31,32,33,34,35,36,37,38} accuracy is 73.9%

Feature set {1,2,3,4,6,7,8,9,10,11,12,13,14,15,16,17,18,19,20,21,22,23,25,26,27,29,30,31,32,33,34,35,36,37,38,39} was best, accuracy is 74.1%

	Using feature(s) {2,3,4,6,7,8,9,10,11,12,13,14,15,16,17,18,19,20,21,22,23,25,26,27,29,30,31,32,33,34,35,36,37,38,39} accuracy is 74%
	Using feature(s) {1,3,4,6,7,8,9,10,11,12,13,14,15,16,17,18,19,20,21,22,23,25,26,27,29,30,31,32,33,34,35,36,37,38,39} accuracy is 74.1%
	Using feature(s) {1,2,4,6,7,8,9,10,11,12,13,14,15,16,17,18,19,20,21,22,23,25,26,27,29,30,31,32,33,34,35,36,37,38,39} accuracy is 71.2%
	Using feature(s) {1,2,3,6,7,8,9,10,11,12,13,14,15,16,17,18,19,20,21,22,23,25,26,27,29,30,31,32,33,34,35,36,37,38,39} accuracy is 74.1%
	Using feature(s) {1,2,3,4,7,8,9,10,11,12,13,14,15,16,17,18,19,20,21,22,23,25,26,27,29,30,31,32,33,34,35,36,37,38,39} accuracy is 74.1%
	Using feature(s) {1,2,3,4,6,8,9,10,11,12,13,14,15,16,17,18,19,20,21,22,23,25,26,27,29,30,31,32,33,34,35,36,37,38,39} accuracy is 74.1%
	Using feature(s) {1,2,3,4,6,7,9,10,11,12,13,14,15,16,17,18,19,20,21,22,23,25,26,27,29,30,31,32,33,34,35,36,37,38,39} accuracy is 73.9%
	Using feature(s) {1,2,3,4,6,7,8,10,11,12,13,14,15,16,17,18,19,20,21,22,23,25,26,27,29,30,31,32,33,34,35,36,37,38,39} accuracy is 70.9%
	Using feature(s) {1,2,3,4,6,7,8,9,11,12,13,14,15,16,17,18,19,20,21,22,23,25,26,27,29,30,31,32,33,34,35,36,37,38,39} accuracy is 74%
	Using feature(s) {1,2,3,4,6,7,8,9,10,12,13,14,15,16,17,18,19,20,21,22,23,25,26,27,29,30,31,32,33,34,35,36,37,38,39} accuracy is 74.1%
	Using feature(s) {1,2,3,4,6,7,8,9,10,11,13,14,15,16,17,18,19,20,21,22,23,25,26,27,29,30,31,32,33,34,35,36,37,38,39} accuracy is 74.1%
	Using feature(s) {1,2,3,4,6,7,8,9,10,11,12,14,15,16,17,18,19,20,21,22,23,25,26,27,29,30,31,32,33,34,35,36,37,38,39} accuracy is 74.1%
	Using feature(s) {1,2,3,4,6,7,8,9,10,11,12,13,15,16,17,18,19,20,21,22,23,25,26,27,29,30,31,32,33,34,35,36,37,38,39} accuracy is 74.1%
	Using feature(s) {1,2,3,4,6,7,8,9,10,11,12,13,14,16,17,18,19,20,21,22,23,25,26,27,29,30,31,32,33,34,35,36,37,38,39} accuracy is 72.5%
	Using feature(s) {1,2,3,4,6,7,8,9,10,11,12,13,14,15,17,18,19,20,21,22,23,25,26,27,29,30,31,32,33,34,35,36,37,38,39} accuracy is 74.1%
	Using feature(s) {1,2,3,4,6,7,8,9,10,11,12,13,14,15,16,18,19,20,21,22,23,25,26,27,29,30,31,32,33,34,35,36,37,38,39} accuracy is 73.6%
	Using feature(s) {1,2,3,4,6,7,8,9,10,11,12,13,14,15,16,17,19,20,21,22,23,25,26,27,29,30,31,32,33,34,35,36,37,38,39} accuracy is 74.3%
	Using feature(s) {1,2,3,4,6,7,8,9,10,11,12,13,14,15,16,17,18,20,21,22,23,25,26,27,29,30,31,32,33,34,35,36,37,38,39} accuracy is 74.1%
	Using feature(s) {1,2,3,4,6,7,8,9,10,11,12,13,14,15,16,17,18,19,21,22,23,25,26,27,29,30,31,32,33,34,35,36,37,38,39} accuracy is 73.8%
	Using feature(s) {1,2,3,4,6,7,8,9,10,11,12,13,14,15,16,17,18,19,20,22,23,25,26,27,29,30,31,32,33,34,35,36,37,38,39} accuracy is 74.2%
	Using feature(s) {1,2,3,4,6,7,8,9,10,11,12,13,14,15,16,17,18,19,20,21,23,25,26,27,29,30,31,32,33,34,35,36,37,38,39} accuracy is 74%
	Using feature(s) {1,2,3,4,6,7,8,9,10,11,12,13,14,15,16,17,18,19,20,21,22,25,26,27,29,30,31,32,33,34,35,36,37,38,39} accuracy is 74.1%
	Using feature(s) {1,2,3,4,6,7,8,9,10,11,12,13,14,15,16,17,18,19,20,21,22,23,26,27,29,30,31,32,33,34,35,36,37,38,39} accuracy is 73.9%
	Using feature(s) {1,2,3,4,6,7,8,9,10,11,12,13,14,15,16,17,18,19,20,21,22,23,25,27,29,30,31,32,33,34,35,36,37,38,39} accuracy is 74.1%
	Using feature(s) {1,2,3,4,6,7,8,9,10,11,12,13,14,15,16,17,18,19,20,21,22,23,25,26,29,30,31,32,33,34,35,36,37,38,39} accuracy is 74.3%
	Using feature(s) {1,2,3,4,6,7,8,9,10,11,12,13,14,15,16,17,18,19,20,21,22,23,25,26,27,30,31,32,33,34,35,36,37,38,39} accuracy is 74.1%
	Using feature(s) {1,2,3,4,6,7,8,9,10,11,12,13,14,15,16,17,18,19,20,21,22,23,25,26,27,29,31,32,33,34,35,36,37,38,39} accuracy is 73.8%
	Using feature(s) {1,2,3,4,6,7,8,9,10,11,12,13,14,15,16,17,18,19,20,21,22,23,25,26,27,29,30,32,33,34,35,36,37,38,39} accuracy is 74.1%
	Using feature(s) {1,2,3,4,6,7,8,9,10,11,12,13,14,15,16,17,18,19,20,21,22,23,25,26,27,29,30,31,33,34,35,36,37,38,39} accuracy is 73.2%
	Using feature(s) {1,2,3,4,6,7,8,9,10,11,12,13,14,15,16,17,18,19,20,21,22,23,25,26,27,29,30,31,32,34,35,36,37,38,39} accuracy is 74.1%
	Using feature(s) {1,2,3,4,6,7,8,9,10,11,12,13,14,15,16,17,18,19,20,21,22,23,25,26,27,29,30,31,32,33,35,36,37,38,39} accuracy is 74.1%
	Using feature(s) {1,2,3,4,6,7,8,9,10,11,12,13,14,15,16,17,18,19,20,21,22,23,25,26,27,29,30,31,32,33,34,36,37,38,39} accuracy is 73.9%
	Using feature(s) {1,2,3,4,6,7,8,9,10,11,12,13,14,15,16,17,18,19,20,21,22,23,25,26,27,29,30,31,32,33,34,35,37,38,39} accuracy is 74.1%
	Using feature(s) {1,2,3,4,6,7,8,9,10,11,12,13,14,15,16,17,18,19,20,21,22,23,25,26,27,29,30,31,32,33,34,35,36,38,39} accuracy is 74.1%
	Using feature(s) {1,2,3,4,6,7,8,9,10,11,12,13,14,15,16,17,18,19,20,21,22,23,25,26,27,29,30,31,32,33,34,35,36,37,39} accuracy is 74.1%
	Using feature(s) {1,2,3,4,6,7,8,9,10,11,12,13,14,15,16,17,18,19,20,21,22,23,25,26,27,29,30,31,32,33,34,35,36,37,38} accuracy is 74.1%

Feature set {1,2,3,4,6,7,8,9,10,11,12,13,14,15,16,17,19,20,21,22,23,25,26,27,29,30,31,32,33,34,35,36,37,38,39} was best, accuracy is 74.3%

	Using feature(s) {2,3,4,6,7,8,9,10,11,12,13,14,15,16,17,19,20,21,22,23,25,26,27,29,30,31,32,33,34,35,36,37,38,39} accuracy is 74.3%
	Using feature(s) {1,3,4,6,7,8,9,10,11,12,13,14,15,16,17,19,20,21,22,23,25,26,27,29,30,31,32,33,34,35,36,37,38,39} accuracy is 74.3%
	Using feature(s) {1,2,4,6,7,8,9,10,11,12,13,14,15,16,17,19,20,21,22,23,25,26,27,29,30,31,32,33,34,35,36,37,38,39} accuracy is 70.8%
	Using feature(s) {1,2,3,6,7,8,9,10,11,12,13,14,15,16,17,19,20,21,22,23,25,26,27,29,30,31,32,33,34,35,36,37,38,39} accuracy is 74.3%
	Using feature(s) {1,2,3,4,7,8,9,10,11,12,13,14,15,16,17,19,20,21,22,23,25,26,27,29,30,31,32,33,34,35,36,37,38,39} accuracy is 74.4%
	Using feature(s) {1,2,3,4,6,8,9,10,11,12,13,14,15,16,17,19,20,21,22,23,25,26,27,29,30,31,32,33,34,35,36,37,38,39} accuracy is 74.3%
	Using feature(s) {1,2,3,4,6,7,9,10,11,12,13,14,15,16,17,19,20,21,22,23,25,26,27,29,30,31,32,33,34,35,36,37,38,39} accuracy is 74.3%
	Using feature(s) {1,2,3,4,6,7,8,10,11,12,13,14,15,16,17,19,20,21,22,23,25,26,27,29,30,31,32,33,34,35,36,37,38,39} accuracy is 71.2%
	Using feature(s) {1,2,3,4,6,7,8,9,11,12,13,14,15,16,17,19,20,21,22,23,25,26,27,29,30,31,32,33,34,35,36,37,38,39} accuracy is 74.3%
	Using feature(s) {1,2,3,4,6,7,8,9,10,12,13,14,15,16,17,19,20,21,22,23,25,26,27,29,30,31,32,33,34,35,36,37,38,39} accuracy is 74.3%
	Using feature(s) {1,2,3,4,6,7,8,9,10,11,13,14,15,16,17,19,20,21,22,23,25,26,27,29,30,31,32,33,34,35,36,37,38,39} accuracy is 74.3%
	Using feature(s) {1,2,3,4,6,7,8,9,10,11,12,14,15,16,17,19,20,21,22,23,25,26,27,29,30,31,32,33,34,35,36,37,38,39} accuracy is 74.3%
	Using feature(s) {1,2,3,4,6,7,8,9,10,11,12,13,15,16,17,19,20,21,22,23,25,26,27,29,30,31,32,33,34,35,36,37,38,39} accuracy is 74.3%
	Using feature(s) {1,2,3,4,6,7,8,9,10,11,12,13,14,16,17,19,20,21,22,23,25,26,27,29,30,31,32,33,34,35,36,37,38,39} accuracy is 73.2%
	Using feature(s) {1,2,3,4,6,7,8,9,10,11,12,13,14,15,17,19,20,21,22,23,25,26,27,29,30,31,32,33,34,35,36,37,38,39} accuracy is 74.3%
	Using feature(s) {1,2,3,4,6,7,8,9,10,11,12,13,14,15,16,19,20,21,22,23,25,26,27,29,30,31,32,33,34,35,36,37,38,39} accuracy is 74.2%
	Using feature(s) {1,2,3,4,6,7,8,9,10,11,12,13,14,15,16,17,20,21,22,23,25,26,27,29,30,31,32,33,34,35,36,37,38,39} accuracy is 74.4%
	Using feature(s) {1,2,3,4,6,7,8,9,10,11,12,13,14,15,16,17,19,21,22,23,25,26,27,29,30,31,32,33,34,35,36,37,38,39} accuracy is 74.3%
	Using feature(s) {1,2,3,4,6,7,8,9,10,11,12,13,14,15,16,17,19,20,22,23,25,26,27,29,30,31,32,33,34,35,36,37,38,39} accuracy is 74%
	Using feature(s) {1,2,3,4,6,7,8,9,10,11,12,13,14,15,16,17,19,20,21,23,25,26,27,29,30,31,32,33,34,35,36,37,38,39} accuracy is 74.2%
	Using feature(s) {1,2,3,4,6,7,8,9,10,11,12,13,14,15,16,17,19,20,21,22,25,26,27,29,30,31,32,33,34,35,36,37,38,39} accuracy is 74.4%
	Using feature(s) {1,2,3,4,6,7,8,9,10,11,12,13,14,15,16,17,19,20,21,22,23,26,27,29,30,31,32,33,34,35,36,37,38,39} accuracy is 74.3%
	Using feature(s) {1,2,3,4,6,7,8,9,10,11,12,13,14,15,16,17,19,20,21,22,23,25,27,29,30,31,32,33,34,35,36,37,38,39} accuracy is 74.3%
	Using feature(s) {1,2,3,4,6,7,8,9,10,11,12,13,14,15,16,17,19,20,21,22,23,25,26,29,30,31,32,33,34,35,36,37,38,39} accuracy is 74.6%
	Using feature(s) {1,2,3,4,6,7,8,9,10,11,12,13,14,15,16,17,19,20,21,22,23,25,26,27,30,31,32,33,34,35,36,37,38,39} accuracy is 74.3%
	Using feature(s) {1,2,3,4,6,7,8,9,10,11,12,13,14,15,16,17,19,20,21,22,23,25,26,27,29,31,32,33,34,35,36,37,38,39} accuracy is 73.8%
	Using feature(s) {1,2,3,4,6,7,8,9,10,11,12,13,14,15,16,17,19,20,21,22,23,25,26,27,29,30,32,33,34,35,36,37,38,39} accuracy is 74.3%
	Using feature(s) {1,2,3,4,6,7,8,9,10,11,12,13,14,15,16,17,19,20,21,22,23,25,26,27,29,30,31,33,34,35,36,37,38,39} accuracy is 73.7%
	Using feature(s) {1,2,3,4,6,7,8,9,10,11,12,13,14,15,16,17,19,20,21,22,23,25,26,27,29,30,31,32,34,35,36,37,38,39} accuracy is 74.3%
	Using feature(s) {1,2,3,4,6,7,8,9,10,11,12,13,14,15,16,17,19,20,21,22,23,25,26,27,29,30,31,32,33,35,36,37,38,39} accuracy is 74.4%
	Using feature(s) {1,2,3,4,6,7,8,9,10,11,12,13,14,15,16,17,19,20,21,22,23,25,26,27,29,30,31,32,33,34,36,37,38,39} accuracy is 74.1%
	Using feature(s) {1,2,3,4,6,7,8,9,10,11,12,13,14,15,16,17,19,20,21,22,23,25,26,27,29,30,31,32,33,34,35,37,38,39} accuracy is 74.3%
	Using feature(s) {1,2,3,4,6,7,8,9,10,11,12,13,14,15,16,17,19,20,21,22,23,25,26,27,29,30,31,32,33,34,35,36,38,39} accuracy is 74.3%
	Using feature(s) {1,2,3,4,6,7,8,9,10,11,12,13,14,15,16,17,19,20,21,22,23,25,26,27,29,30,31,32,33,34,35,36,37,39} accuracy is 74.4%
	Using feature(s) {1,2,3,4,6,7,8,9,10,11,12,13,14,15,16,17,19,20,21,22,23,25,26,27,29,30,31,32,33,34,35,36,37,38} accuracy is 74.3%

Feature set {1,2,3,4,6,7,8,9,10,11,12,13,14,15,16,17,19,20,21,22,23,25,26,29,30,31,32,33,34,35,36,37,38,39} was best, accuracy is 74.6%

	Using feature(s) {2,3,4,6,7,8,9,10,11,12,13,14,15,16,17,19,20,21,22,23,25,26,29,30,31,32,33,34,35,36,37,38,39} accuracy is 74.4%
	Using feature(s) {1,3,4,6,7,8,9,10,11,12,13,14,15,16,17,19,20,21,22,23,25,26,29,30,31,32,33,34,35,36,37,38,39} accuracy is 74.6%
	Using feature(s) {1,2,4,6,7,8,9,10,11,12,13,14,15,16,17,19,20,21,22,23,25,26,29,30,31,32,33,34,35,36,37,38,39} accuracy is 70.5%
	Using feature(s) {1,2,3,6,7,8,9,10,11,12,13,14,15,16,17,19,20,21,22,23,25,26,29,30,31,32,33,34,35,36,37,38,39} accuracy is 74.6%
	Using feature(s) {1,2,3,4,7,8,9,10,11,12,13,14,15,16,17,19,20,21,22,23,25,26,29,30,31,32,33,34,35,36,37,38,39} accuracy is 74.6%
	Using feature(s) {1,2,3,4,6,8,9,10,11,12,13,14,15,16,17,19,20,21,22,23,25,26,29,30,31,32,33,34,35,36,37,38,39} accuracy is 74.6%
	Using feature(s) {1,2,3,4,6,7,9,10,11,12,13,14,15,16,17,19,20,21,22,23,25,26,29,30,31,32,33,34,35,36,37,38,39} accuracy is 74.6%
	Using feature(s) {1,2,3,4,6,7,8,10,11,12,13,14,15,16,17,19,20,21,22,23,25,26,29,30,31,32,33,34,35,36,37,38,39} accuracy is 71%
	Using feature(s) {1,2,3,4,6,7,8,9,11,12,13,14,15,16,17,19,20,21,22,23,25,26,29,30,31,32,33,34,35,36,37,38,39} accuracy is 74.6%
	Using feature(s) {1,2,3,4,6,7,8,9,10,12,13,14,15,16,17,19,20,21,22,23,25,26,29,30,31,32,33,34,35,36,37,38,39} accuracy is 74.6%
	Using feature(s) {1,2,3,4,6,7,8,9,10,11,13,14,15,16,17,19,20,21,22,23,25,26,29,30,31,32,33,34,35,36,37,38,39} accuracy is 74.6%
	Using feature(s) {1,2,3,4,6,7,8,9,10,11,12,14,15,16,17,19,20,21,22,23,25,26,29,30,31,32,33,34,35,36,37,38,39} accuracy is 74.6%
	Using feature(s) {1,2,3,4,6,7,8,9,10,11,12,13,15,16,17,19,20,21,22,23,25,26,29,30,31,32,33,34,35,36,37,38,39} accuracy is 74.6%
	Using feature(s) {1,2,3,4,6,7,8,9,10,11,12,13,14,16,17,19,20,21,22,23,25,26,29,30,31,32,33,34,35,36,37,38,39} accuracy is 73.2%
	Using feature(s) {1,2,3,4,6,7,8,9,10,11,12,13,14,15,17,19,20,21,22,23,25,26,29,30,31,32,33,34,35,36,37,38,39} accuracy is 74.6%
	Using feature(s) {1,2,3,4,6,7,8,9,10,11,12,13,14,15,16,19,20,21,22,23,25,26,29,30,31,32,33,34,35,36,37,38,39} accuracy is 74.5%
	Using feature(s) {1,2,3,4,6,7,8,9,10,11,12,13,14,15,16,17,20,21,22,23,25,26,29,30,31,32,33,34,35,36,37,38,39} accuracy is 74.6%
	Using feature(s) {1,2,3,4,6,7,8,9,10,11,12,13,14,15,16,17,19,21,22,23,25,26,29,30,31,32,33,34,35,36,37,38,39} accuracy is 74.6%
	Using feature(s) {1,2,3,4,6,7,8,9,10,11,12,13,14,15,16,17,19,20,22,23,25,26,29,30,31,32,33,34,35,36,37,38,39} accuracy is 74.3%
	Using feature(s) {1,2,3,4,6,7,8,9,10,11,12,13,14,15,16,17,19,20,21,23,25,26,29,30,31,32,33,34,35,36,37,38,39} accuracy is 74.3%
	Using feature(s) {1,2,3,4,6,7,8,9,10,11,12,13,14,15,16,17,19,20,21,22,25,26,29,30,31,32,33,34,35,36,37,38,39} accuracy is 74.6%
	Using feature(s) {1,2,3,4,6,7,8,9,10,11,12,13,14,15,16,17,19,20,21,22,23,26,29,30,31,32,33,34,35,36,37,38,39} accuracy is 74.6%
	Using feature(s) {1,2,3,4,6,7,8,9,10,11,12,13,14,15,16,17,19,20,21,22,23,25,29,30,31,32,33,34,35,36,37,38,39} accuracy is 74.6%
	Using feature(s) {1,2,3,4,6,7,8,9,10,11,12,13,14,15,16,17,19,20,21,22,23,25,26,30,31,32,33,34,35,36,37,38,39} accuracy is 74.6%
	Using feature(s) {1,2,3,4,6,7,8,9,10,11,12,13,14,15,16,17,19,20,21,22,23,25,26,29,31,32,33,34,35,36,37,38,39} accuracy is 74.2%
	Using feature(s) {1,2,3,4,6,7,8,9,10,11,12,13,14,15,16,17,19,20,21,22,23,25,26,29,30,32,33,34,35,36,37,38,39} accuracy is 74.6%
	Using feature(s) {1,2,3,4,6,7,8,9,10,11,12,13,14,15,16,17,19,20,21,22,23,25,26,29,30,31,33,34,35,36,37,38,39} accuracy is 73.3%
	Using feature(s) {1,2,3,4,6,7,8,9,10,11,12,13,14,15,16,17,19,20,21,22,23,25,26,29,30,31,32,34,35,36,37,38,39} accuracy is 74.6%
	Using feature(s) {1,2,3,4,6,7,8,9,10,11,12,13,14,15,16,17,19,20,21,22,23,25,26,29,30,31,32,33,35,36,37,38,39} accuracy is 74.6%
	Using feature(s) {1,2,3,4,6,7,8,9,10,11,12,13,14,15,16,17,19,20,21,22,23,25,26,29,30,31,32,33,34,36,37,38,39} accuracy is 74.5%
	Using feature(s) {1,2,3,4,6,7,8,9,10,11,12,13,14,15,16,17,19,20,21,22,23,25,26,29,30,31,32,33,34,35,37,38,39} accuracy is 74.6%
	Using feature(s) {1,2,3,4,6,7,8,9,10,11,12,13,14,15,16,17,19,20,21,22,23,25,26,29,30,31,32,33,34,35,36,38,39} accuracy is 74.6%
	Using feature(s) {1,2,3,4,6,7,8,9,10,11,12,13,14,15,16,17,19,20,21,22,23,25,26,29,30,31,32,33,34,35,36,37,39} accuracy is 74.6%
	Using feature(s) {1,2,3,4,6,7,8,9,10,11,12,13,14,15,16,17,19,20,21,22,23,25,26,29,30,31,32,33,34,35,36,37,38} accuracy is 74.5%

Feature set {1,3,4,6,7,8,9,10,11,12,13,14,15,16,17,19,20,21,22,23,25,26,29,30,31,32,33,34,35,36,37,38,39} was best, accuracy is 74.6%
Warning: Accuracy has decreased from previously recorded maximum

	Using feature(s) {3,4,6,7,8,9,10,11,12,13,14,15,16,17,19,20,21,22,23,25,26,29,30,31,32,33,34,35,36,37,38,39} accuracy is 74.4%
	Using feature(s) {1,4,6,7,8,9,10,11,12,13,14,15,16,17,19,20,21,22,23,25,26,29,30,31,32,33,34,35,36,37,38,39} accuracy is 70.5%
	Using feature(s) {1,3,6,7,8,9,10,11,12,13,14,15,16,17,19,20,21,22,23,25,26,29,30,31,32,33,34,35,36,37,38,39} accuracy is 74.6%
	Using feature(s) {1,3,4,7,8,9,10,11,12,13,14,15,16,17,19,20,21,22,23,25,26,29,30,31,32,33,34,35,36,37,38,39} accuracy is 74.6%
	Using feature(s) {1,3,4,6,8,9,10,11,12,13,14,15,16,17,19,20,21,22,23,25,26,29,30,31,32,33,34,35,36,37,38,39} accuracy is 74.6%
	Using feature(s) {1,3,4,6,7,9,10,11,12,13,14,15,16,17,19,20,21,22,23,25,26,29,30,31,32,33,34,35,36,37,38,39} accuracy is 74.6%
	Using feature(s) {1,3,4,6,7,8,10,11,12,13,14,15,16,17,19,20,21,22,23,25,26,29,30,31,32,33,34,35,36,37,38,39} accuracy is 71%
	Using feature(s) {1,3,4,6,7,8,9,11,12,13,14,15,16,17,19,20,21,22,23,25,26,29,30,31,32,33,34,35,36,37,38,39} accuracy is 74.6%
	Using feature(s) {1,3,4,6,7,8,9,10,12,13,14,15,16,17,19,20,21,22,23,25,26,29,30,31,32,33,34,35,36,37,38,39} accuracy is 74.6%
	Using feature(s) {1,3,4,6,7,8,9,10,11,13,14,15,16,17,19,20,21,22,23,25,26,29,30,31,32,33,34,35,36,37,38,39} accuracy is 74.6%
	Using feature(s) {1,3,4,6,7,8,9,10,11,12,14,15,16,17,19,20,21,22,23,25,26,29,30,31,32,33,34,35,36,37,38,39} accuracy is 74.6%
	Using feature(s) {1,3,4,6,7,8,9,10,11,12,13,15,16,17,19,20,21,22,23,25,26,29,30,31,32,33,34,35,36,37,38,39} accuracy is 74.6%
	Using feature(s) {1,3,4,6,7,8,9,10,11,12,13,14,16,17,19,20,21,22,23,25,26,29,30,31,32,33,34,35,36,37,38,39} accuracy is 73.2%
	Using feature(s) {1,3,4,6,7,8,9,10,11,12,13,14,15,17,19,20,21,22,23,25,26,29,30,31,32,33,34,35,36,37,38,39} accuracy is 74.6%
	Using feature(s) {1,3,4,6,7,8,9,10,11,12,13,14,15,16,19,20,21,22,23,25,26,29,30,31,32,33,34,35,36,37,38,39} accuracy is 74.5%
	Using feature(s) {1,3,4,6,7,8,9,10,11,12,13,14,15,16,17,20,21,22,23,25,26,29,30,31,32,33,34,35,36,37,38,39} accuracy is 74.6%
	Using feature(s) {1,3,4,6,7,8,9,10,11,12,13,14,15,16,17,19,21,22,23,25,26,29,30,31,32,33,34,35,36,37,38,39} accuracy is 74.6%
	Using feature(s) {1,3,4,6,7,8,9,10,11,12,13,14,15,16,17,19,20,22,23,25,26,29,30,31,32,33,34,35,36,37,38,39} accuracy is 74.3%
	Using feature(s) {1,3,4,6,7,8,9,10,11,12,13,14,15,16,17,19,20,21,23,25,26,29,30,31,32,33,34,35,36,37,38,39} accuracy is 74.3%
	Using feature(s) {1,3,4,6,7,8,9,10,11,12,13,14,15,16,17,19,20,21,22,25,26,29,30,31,32,33,34,35,36,37,38,39} accuracy is 74.6%
	Using feature(s) {1,3,4,6,7,8,9,10,11,12,13,14,15,16,17,19,20,21,22,23,26,29,30,31,32,33,34,35,36,37,38,39} accuracy is 74.6%
	Using feature(s) {1,3,4,6,7,8,9,10,11,12,13,14,15,16,17,19,20,21,22,23,25,29,30,31,32,33,34,35,36,37,38,39} accuracy is 74.6%
	Using feature(s) {1,3,4,6,7,8,9,10,11,12,13,14,15,16,17,19,20,21,22,23,25,26,30,31,32,33,34,35,36,37,38,39} accuracy is 74.6%
	Using feature(s) {1,3,4,6,7,8,9,10,11,12,13,14,15,16,17,19,20,21,22,23,25,26,29,31,32,33,34,35,36,37,38,39} accuracy is 74.2%
	Using feature(s) {1,3,4,6,7,8,9,10,11,12,13,14,15,16,17,19,20,21,22,23,25,26,29,30,32,33,34,35,36,37,38,39} accuracy is 74.6%
	Using feature(s) {1,3,4,6,7,8,9,10,11,12,13,14,15,16,17,19,20,21,22,23,25,26,29,30,31,33,34,35,36,37,38,39} accuracy is 73.3%
	Using feature(s) {1,3,4,6,7,8,9,10,11,12,13,14,15,16,17,19,20,21,22,23,25,26,29,30,31,32,34,35,36,37,38,39} accuracy is 74.6%
	Using feature(s) {1,3,4,6,7,8,9,10,11,12,13,14,15,16,17,19,20,21,22,23,25,26,29,30,31,32,33,35,36,37,38,39} accuracy is 74.6%
	Using feature(s) {1,3,4,6,7,8,9,10,11,12,13,14,15,16,17,19,20,21,22,23,25,26,29,30,31,32,33,34,36,37,38,39} accuracy is 74.5%
	Using feature(s) {1,3,4,6,7,8,9,10,11,12,13,14,15,16,17,19,20,21,22,23,25,26,29,30,31,32,33,34,35,37,38,39} accuracy is 74.6%
	Using feature(s) {1,3,4,6,7,8,9,10,11,12,13,14,15,16,17,19,20,21,22,23,25,26,29,30,31,32,33,34,35,36,38,39} accuracy is 74.6%
	Using feature(s) {1,3,4,6,7,8,9,10,11,12,13,14,15,16,17,19,20,21,22,23,25,26,29,30,31,32,33,34,35,36,37,39} accuracy is 74.6%
	Using feature(s) {1,3,4,6,7,8,9,10,11,12,13,14,15,16,17,19,20,21,22,23,25,26,29,30,31,32,33,34,35,36,37,38} accuracy is 74.5%

Feature set {1,3,6,7,8,9,10,11,12,13,14,15,16,17,19,20,21,22,23,25,26,29,30,31,32,33,34,35,36,37,38,39} was best, accuracy is 74.6%
Warning: Accuracy has decreased from previously recorded maximum

	Using feature(s) {3,6,7,8,9,10,11,12,13,14,15,16,17,19,20,21,22,23,25,26,29,30,31,32,33,34,35,36,37,38,39} accuracy is 74.4%
	Using feature(s) {1,6,7,8,9,10,11,12,13,14,15,16,17,19,20,21,22,23,25,26,29,30,31,32,33,34,35,36,37,38,39} accuracy is 70.5%
	Using feature(s) {1,3,7,8,9,10,11,12,13,14,15,16,17,19,20,21,22,23,25,26,29,30,31,32,33,34,35,36,37,38,39} accuracy is 74.6%
	Using feature(s) {1,3,6,8,9,10,11,12,13,14,15,16,17,19,20,21,22,23,25,26,29,30,31,32,33,34,35,36,37,38,39} accuracy is 74.6%
	Using feature(s) {1,3,6,7,9,10,11,12,13,14,15,16,17,19,20,21,22,23,25,26,29,30,31,32,33,34,35,36,37,38,39} accuracy is 74.6%
	Using feature(s) {1,3,6,7,8,10,11,12,13,14,15,16,17,19,20,21,22,23,25,26,29,30,31,32,33,34,35,36,37,38,39} accuracy is 71%
	Using feature(s) {1,3,6,7,8,9,11,12,13,14,15,16,17,19,20,21,22,23,25,26,29,30,31,32,33,34,35,36,37,38,39} accuracy is 74.6%
	Using feature(s) {1,3,6,7,8,9,10,12,13,14,15,16,17,19,20,21,22,23,25,26,29,30,31,32,33,34,35,36,37,38,39} accuracy is 74.6%
	Using feature(s) {1,3,6,7,8,9,10,11,13,14,15,16,17,19,20,21,22,23,25,26,29,30,31,32,33,34,35,36,37,38,39} accuracy is 74.6%
	Using feature(s) {1,3,6,7,8,9,10,11,12,14,15,16,17,19,20,21,22,23,25,26,29,30,31,32,33,34,35,36,37,38,39} accuracy is 74.6%
	Using feature(s) {1,3,6,7,8,9,10,11,12,13,15,16,17,19,20,21,22,23,25,26,29,30,31,32,33,34,35,36,37,38,39} accuracy is 74.6%
	Using feature(s) {1,3,6,7,8,9,10,11,12,13,14,16,17,19,20,21,22,23,25,26,29,30,31,32,33,34,35,36,37,38,39} accuracy is 73.2%
	Using feature(s) {1,3,6,7,8,9,10,11,12,13,14,15,17,19,20,21,22,23,25,26,29,30,31,32,33,34,35,36,37,38,39} accuracy is 74.6%
	Using feature(s) {1,3,6,7,8,9,10,11,12,13,14,15,16,19,20,21,22,23,25,26,29,30,31,32,33,34,35,36,37,38,39} accuracy is 74.5%
	Using feature(s) {1,3,6,7,8,9,10,11,12,13,14,15,16,17,20,21,22,23,25,26,29,30,31,32,33,34,35,36,37,38,39} accuracy is 74.6%
	Using feature(s) {1,3,6,7,8,9,10,11,12,13,14,15,16,17,19,21,22,23,25,26,29,30,31,32,33,34,35,36,37,38,39} accuracy is 74.6%
	Using feature(s) {1,3,6,7,8,9,10,11,12,13,14,15,16,17,19,20,22,23,25,26,29,30,31,32,33,34,35,36,37,38,39} accuracy is 74.3%
	Using feature(s) {1,3,6,7,8,9,10,11,12,13,14,15,16,17,19,20,21,23,25,26,29,30,31,32,33,34,35,36,37,38,39} accuracy is 74.3%
	Using feature(s) {1,3,6,7,8,9,10,11,12,13,14,15,16,17,19,20,21,22,25,26,29,30,31,32,33,34,35,36,37,38,39} accuracy is 74.6%
	Using feature(s) {1,3,6,7,8,9,10,11,12,13,14,15,16,17,19,20,21,22,23,26,29,30,31,32,33,34,35,36,37,38,39} accuracy is 74.6%
	Using feature(s) {1,3,6,7,8,9,10,11,12,13,14,15,16,17,19,20,21,22,23,25,29,30,31,32,33,34,35,36,37,38,39} accuracy is 74.6%
	Using feature(s) {1,3,6,7,8,9,10,11,12,13,14,15,16,17,19,20,21,22,23,25,26,30,31,32,33,34,35,36,37,38,39} accuracy is 74.6%
	Using feature(s) {1,3,6,7,8,9,10,11,12,13,14,15,16,17,19,20,21,22,23,25,26,29,31,32,33,34,35,36,37,38,39} accuracy is 74.2%
	Using feature(s) {1,3,6,7,8,9,10,11,12,13,14,15,16,17,19,20,21,22,23,25,26,29,30,32,33,34,35,36,37,38,39} accuracy is 74.6%
	Using feature(s) {1,3,6,7,8,9,10,11,12,13,14,15,16,17,19,20,21,22,23,25,26,29,30,31,33,34,35,36,37,38,39} accuracy is 73.3%
	Using feature(s) {1,3,6,7,8,9,10,11,12,13,14,15,16,17,19,20,21,22,23,25,26,29,30,31,32,34,35,36,37,38,39} accuracy is 74.6%
	Using feature(s) {1,3,6,7,8,9,10,11,12,13,14,15,16,17,19,20,21,22,23,25,26,29,30,31,32,33,35,36,37,38,39} accuracy is 74.6%
	Using feature(s) {1,3,6,7,8,9,10,11,12,13,14,15,16,17,19,20,21,22,23,25,26,29,30,31,32,33,34,36,37,38,39} accuracy is 74.5%
	Using feature(s) {1,3,6,7,8,9,10,11,12,13,14,15,16,17,19,20,21,22,23,25,26,29,30,31,32,33,34,35,37,38,39} accuracy is 74.6%
	Using feature(s) {1,3,6,7,8,9,10,11,12,13,14,15,16,17,19,20,21,22,23,25,26,29,30,31,32,33,34,35,36,38,39} accuracy is 74.6%
	Using feature(s) {1,3,6,7,8,9,10,11,12,13,14,15,16,17,19,20,21,22,23,25,26,29,30,31,32,33,34,35,36,37,39} accuracy is 74.6%
	Using feature(s) {1,3,6,7,8,9,10,11,12,13,14,15,16,17,19,20,21,22,23,25,26,29,30,31,32,33,34,35,36,37,38} accuracy is 74.5%

Feature set {1,3,7,8,9,10,11,12,13,14,15,16,17,19,20,21,22,23,25,26,29,30,31,32,33,34,35,36,37,38,39} was best, accuracy is 74.6%
Warning: Accuracy has decreased from previously recorded maximum

	Using feature(s) {3,7,8,9,10,11,12,13,14,15,16,17,19,20,21,22,23,25,26,29,30,31,32,33,34,35,36,37,38,39} accuracy is 74.4%
	Using feature(s) {1,7,8,9,10,11,12,13,14,15,16,17,19,20,21,22,23,25,26,29,30,31,32,33,34,35,36,37,38,39} accuracy is 70.4%
	Using feature(s) {1,3,8,9,10,11,12,13,14,15,16,17,19,20,21,22,23,25,26,29,30,31,32,33,34,35,36,37,38,39} accuracy is 74.6%
	Using feature(s) {1,3,7,9,10,11,12,13,14,15,16,17,19,20,21,22,23,25,26,29,30,31,32,33,34,35,36,37,38,39} accuracy is 74.6%
	Using feature(s) {1,3,7,8,10,11,12,13,14,15,16,17,19,20,21,22,23,25,26,29,30,31,32,33,34,35,36,37,38,39} accuracy is 71.1%
	Using feature(s) {1,3,7,8,9,11,12,13,14,15,16,17,19,20,21,22,23,25,26,29,30,31,32,33,34,35,36,37,38,39} accuracy is 74.6%
	Using feature(s) {1,3,7,8,9,10,12,13,14,15,16,17,19,20,21,22,23,25,26,29,30,31,32,33,34,35,36,37,38,39} accuracy is 74.6%
	Using feature(s) {1,3,7,8,9,10,11,13,14,15,16,17,19,20,21,22,23,25,26,29,30,31,32,33,34,35,36,37,38,39} accuracy is 74.6%
	Using feature(s) {1,3,7,8,9,10,11,12,14,15,16,17,19,20,21,22,23,25,26,29,30,31,32,33,34,35,36,37,38,39} accuracy is 74.6%
	Using feature(s) {1,3,7,8,9,10,11,12,13,15,16,17,19,20,21,22,23,25,26,29,30,31,32,33,34,35,36,37,38,39} accuracy is 74.6%
	Using feature(s) {1,3,7,8,9,10,11,12,13,14,16,17,19,20,21,22,23,25,26,29,30,31,32,33,34,35,36,37,38,39} accuracy is 73.3%
	Using feature(s) {1,3,7,8,9,10,11,12,13,14,15,17,19,20,21,22,23,25,26,29,30,31,32,33,34,35,36,37,38,39} accuracy is 74.6%
	Using feature(s) {1,3,7,8,9,10,11,12,13,14,15,16,19,20,21,22,23,25,26,29,30,31,32,33,34,35,36,37,38,39} accuracy is 74.4%
	Using feature(s) {1,3,7,8,9,10,11,12,13,14,15,16,17,20,21,22,23,25,26,29,30,31,32,33,34,35,36,37,38,39} accuracy is 74.6%
	Using feature(s) {1,3,7,8,9,10,11,12,13,14,15,16,17,19,21,22,23,25,26,29,30,31,32,33,34,35,36,37,38,39} accuracy is 74.6%
	Using feature(s) {1,3,7,8,9,10,11,12,13,14,15,16,17,19,20,22,23,25,26,29,30,31,32,33,34,35,36,37,38,39} accuracy is 74.3%
	Using feature(s) {1,3,7,8,9,10,11,12,13,14,15,16,17,19,20,21,23,25,26,29,30,31,32,33,34,35,36,37,38,39} accuracy is 74.3%
	Using feature(s) {1,3,7,8,9,10,11,12,13,14,15,16,17,19,20,21,22,25,26,29,30,31,32,33,34,35,36,37,38,39} accuracy is 74.7%
	Using feature(s) {1,3,7,8,9,10,11,12,13,14,15,16,17,19,20,21,22,23,26,29,30,31,32,33,34,35,36,37,38,39} accuracy is 74.6%
	Using feature(s) {1,3,7,8,9,10,11,12,13,14,15,16,17,19,20,21,22,23,25,29,30,31,32,33,34,35,36,37,38,39} accuracy is 74.6%
	Using feature(s) {1,3,7,8,9,10,11,12,13,14,15,16,17,19,20,21,22,23,25,26,30,31,32,33,34,35,36,37,38,39} accuracy is 74.6%
	Using feature(s) {1,3,7,8,9,10,11,12,13,14,15,16,17,19,20,21,22,23,25,26,29,31,32,33,34,35,36,37,38,39} accuracy is 74.2%
	Using feature(s) {1,3,7,8,9,10,11,12,13,14,15,16,17,19,20,21,22,23,25,26,29,30,32,33,34,35,36,37,38,39} accuracy is 74.6%
	Using feature(s) {1,3,7,8,9,10,11,12,13,14,15,16,17,19,20,21,22,23,25,26,29,30,31,33,34,35,36,37,38,39} accuracy is 73.3%
	Using feature(s) {1,3,7,8,9,10,11,12,13,14,15,16,17,19,20,21,22,23,25,26,29,30,31,32,34,35,36,37,38,39} accuracy is 74.6%
	Using feature(s) {1,3,7,8,9,10,11,12,13,14,15,16,17,19,20,21,22,23,25,26,29,30,31,32,33,35,36,37,38,39} accuracy is 74.6%
	Using feature(s) {1,3,7,8,9,10,11,12,13,14,15,16,17,19,20,21,22,23,25,26,29,30,31,32,33,34,36,37,38,39} accuracy is 74.5%
	Using feature(s) {1,3,7,8,9,10,11,12,13,14,15,16,17,19,20,21,22,23,25,26,29,30,31,32,33,34,35,37,38,39} accuracy is 74.6%
	Using feature(s) {1,3,7,8,9,10,11,12,13,14,15,16,17,19,20,21,22,23,25,26,29,30,31,32,33,34,35,36,38,39} accuracy is 74.6%
	Using feature(s) {1,3,7,8,9,10,11,12,13,14,15,16,17,19,20,21,22,23,25,26,29,30,31,32,33,34,35,36,37,39} accuracy is 74.6%
	Using feature(s) {1,3,7,8,9,10,11,12,13,14,15,16,17,19,20,21,22,23,25,26,29,30,31,32,33,34,35,36,37,38} accuracy is 74.5%

Feature set {1,3,7,8,9,10,11,12,13,14,15,16,17,19,20,21,22,25,26,29,30,31,32,33,34,35,36,37,38,39} was best, accuracy is 74.7%

	Using feature(s) {3,7,8,9,10,11,12,13,14,15,16,17,19,20,21,22,25,26,29,30,31,32,33,34,35,36,37,38,39} accuracy is 74.4%
	Using feature(s) {1,7,8,9,10,11,12,13,14,15,16,17,19,20,21,22,25,26,29,30,31,32,33,34,35,36,37,38,39} accuracy is 70.6%
	Using feature(s) {1,3,8,9,10,11,12,13,14,15,16,17,19,20,21,22,25,26,29,30,31,32,33,34,35,36,37,38,39} accuracy is 74.7%
	Using feature(s) {1,3,7,9,10,11,12,13,14,15,16,17,19,20,21,22,25,26,29,30,31,32,33,34,35,36,37,38,39} accuracy is 74.6%
	Using feature(s) {1,3,7,8,10,11,12,13,14,15,16,17,19,20,21,22,25,26,29,30,31,32,33,34,35,36,37,38,39} accuracy is 71.2%
	Using feature(s) {1,3,7,8,9,11,12,13,14,15,16,17,19,20,21,22,25,26,29,30,31,32,33,34,35,36,37,38,39} accuracy is 74.6%
	Using feature(s) {1,3,7,8,9,10,12,13,14,15,16,17,19,20,21,22,25,26,29,30,31,32,33,34,35,36,37,38,39} accuracy is 74.7%
	Using feature(s) {1,3,7,8,9,10,11,13,14,15,16,17,19,20,21,22,25,26,29,30,31,32,33,34,35,36,37,38,39} accuracy is 74.7%
	Using feature(s) {1,3,7,8,9,10,11,12,14,15,16,17,19,20,21,22,25,26,29,30,31,32,33,34,35,36,37,38,39} accuracy is 74.7%
	Using feature(s) {1,3,7,8,9,10,11,12,13,15,16,17,19,20,21,22,25,26,29,30,31,32,33,34,35,36,37,38,39} accuracy is 74.7%
	Using feature(s) {1,3,7,8,9,10,11,12,13,14,16,17,19,20,21,22,25,26,29,30,31,32,33,34,35,36,37,38,39} accuracy is 73.3%
	Using feature(s) {1,3,7,8,9,10,11,12,13,14,15,17,19,20,21,22,25,26,29,30,31,32,33,34,35,36,37,38,39} accuracy is 74.7%
	Using feature(s) {1,3,7,8,9,10,11,12,13,14,15,16,19,20,21,22,25,26,29,30,31,32,33,34,35,36,37,38,39} accuracy is 74.4%
	Using feature(s) {1,3,7,8,9,10,11,12,13,14,15,16,17,20,21,22,25,26,29,30,31,32,33,34,35,36,37,38,39} accuracy is 74.7%
	Using feature(s) {1,3,7,8,9,10,11,12,13,14,15,16,17,19,21,22,25,26,29,30,31,32,33,34,35,36,37,38,39} accuracy is 74.6%
	Using feature(s) {1,3,7,8,9,10,11,12,13,14,15,16,17,19,20,22,25,26,29,30,31,32,33,34,35,36,37,38,39} accuracy is 74.3%
	Using feature(s) {1,3,7,8,9,10,11,12,13,14,15,16,17,19,20,21,25,26,29,30,31,32,33,34,35,36,37,38,39} accuracy is 74.4%
	Using feature(s) {1,3,7,8,9,10,11,12,13,14,15,16,17,19,20,21,22,26,29,30,31,32,33,34,35,36,37,38,39} accuracy is 74.6%
	Using feature(s) {1,3,7,8,9,10,11,12,13,14,15,16,17,19,20,21,22,25,29,30,31,32,33,34,35,36,37,38,39} accuracy is 74.7%
	Using feature(s) {1,3,7,8,9,10,11,12,13,14,15,16,17,19,20,21,22,25,26,30,31,32,33,34,35,36,37,38,39} accuracy is 74.7%
	Using feature(s) {1,3,7,8,9,10,11,12,13,14,15,16,17,19,20,21,22,25,26,29,31,32,33,34,35,36,37,38,39} accuracy is 74.2%
	Using feature(s) {1,3,7,8,9,10,11,12,13,14,15,16,17,19,20,21,22,25,26,29,30,32,33,34,35,36,37,38,39} accuracy is 74.7%
	Using feature(s) {1,3,7,8,9,10,11,12,13,14,15,16,17,19,20,21,22,25,26,29,30,31,33,34,35,36,37,38,39} accuracy is 73.3%
	Using feature(s) {1,3,7,8,9,10,11,12,13,14,15,16,17,19,20,21,22,25,26,29,30,31,32,34,35,36,37,38,39} accuracy is 74.7%
	Using feature(s) {1,3,7,8,9,10,11,12,13,14,15,16,17,19,20,21,22,25,26,29,30,31,32,33,35,36,37,38,39} accuracy is 74.7%
	Using feature(s) {1,3,7,8,9,10,11,12,13,14,15,16,17,19,20,21,22,25,26,29,30,31,32,33,34,36,37,38,39} accuracy is 74.5%
	Using feature(s) {1,3,7,8,9,10,11,12,13,14,15,16,17,19,20,21,22,25,26,29,30,31,32,33,34,35,37,38,39} accuracy is 74.7%
	Using feature(s) {1,3,7,8,9,10,11,12,13,14,15,16,17,19,20,21,22,25,26,29,30,31,32,33,34,35,36,38,39} accuracy is 74.7%
	Using feature(s) {1,3,7,8,9,10,11,12,13,14,15,16,17,19,20,21,22,25,26,29,30,31,32,33,34,35,36,37,39} accuracy is 74.7%
	Using feature(s) {1,3,7,8,9,10,11,12,13,14,15,16,17,19,20,21,22,25,26,29,30,31,32,33,34,35,36,37,38} accuracy is 74.6%

Feature set {1,3,8,9,10,11,12,13,14,15,16,17,19,20,21,22,25,26,29,30,31,32,33,34,35,36,37,38,39} was best, accuracy is 74.7%
Warning: Accuracy has decreased from previously recorded maximum

	Using feature(s) {3,8,9,10,11,12,13,14,15,16,17,19,20,21,22,25,26,29,30,31,32,33,34,35,36,37,38,39} accuracy is 74.4%
	Using feature(s) {1,8,9,10,11,12,13,14,15,16,17,19,20,21,22,25,26,29,30,31,32,33,34,35,36,37,38,39} accuracy is 70.6%
	Using feature(s) {1,3,9,10,11,12,13,14,15,16,17,19,20,21,22,25,26,29,30,31,32,33,34,35,36,37,38,39} accuracy is 74.6%
	Using feature(s) {1,3,8,10,11,12,13,14,15,16,17,19,20,21,22,25,26,29,30,31,32,33,34,35,36,37,38,39} accuracy is 71.2%
	Using feature(s) {1,3,8,9,11,12,13,14,15,16,17,19,20,21,22,25,26,29,30,31,32,33,34,35,36,37,38,39} accuracy is 74.6%
	Using feature(s) {1,3,8,9,10,12,13,14,15,16,17,19,20,21,22,25,26,29,30,31,32,33,34,35,36,37,38,39} accuracy is 74.7%
	Using feature(s) {1,3,8,9,10,11,13,14,15,16,17,19,20,21,22,25,26,29,30,31,32,33,34,35,36,37,38,39} accuracy is 74.7%
	Using feature(s) {1,3,8,9,10,11,12,14,15,16,17,19,20,21,22,25,26,29,30,31,32,33,34,35,36,37,38,39} accuracy is 74.7%
	Using feature(s) {1,3,8,9,10,11,12,13,15,16,17,19,20,21,22,25,26,29,30,31,32,33,34,35,36,37,38,39} accuracy is 74.7%
	Using feature(s) {1,3,8,9,10,11,12,13,14,16,17,19,20,21,22,25,26,29,30,31,32,33,34,35,36,37,38,39} accuracy is 73.3%
	Using feature(s) {1,3,8,9,10,11,12,13,14,15,17,19,20,21,22,25,26,29,30,31,32,33,34,35,36,37,38,39} accuracy is 74.7%
	Using feature(s) {1,3,8,9,10,11,12,13,14,15,16,19,20,21,22,25,26,29,30,31,32,33,34,35,36,37,38,39} accuracy is 74.4%
	Using feature(s) {1,3,8,9,10,11,12,13,14,15,16,17,20,21,22,25,26,29,30,31,32,33,34,35,36,37,38,39} accuracy is 74.7%
	Using feature(s) {1,3,8,9,10,11,12,13,14,15,16,17,19,21,22,25,26,29,30,31,32,33,34,35,36,37,38,39} accuracy is 74.6%
	Using feature(s) {1,3,8,9,10,11,12,13,14,15,16,17,19,20,22,25,26,29,30,31,32,33,34,35,36,37,38,39} accuracy is 74.3%
	Using feature(s) {1,3,8,9,10,11,12,13,14,15,16,17,19,20,21,25,26,29,30,31,32,33,34,35,36,37,38,39} accuracy is 74.4%
	Using feature(s) {1,3,8,9,10,11,12,13,14,15,16,17,19,20,21,22,26,29,30,31,32,33,34,35,36,37,38,39} accuracy is 74.6%
	Using feature(s) {1,3,8,9,10,11,12,13,14,15,16,17,19,20,21,22,25,29,30,31,32,33,34,35,36,37,38,39} accuracy is 74.7%
	Using feature(s) {1,3,8,9,10,11,12,13,14,15,16,17,19,20,21,22,25,26,30,31,32,33,34,35,36,37,38,39} accuracy is 74.7%
	Using feature(s) {1,3,8,9,10,11,12,13,14,15,16,17,19,20,21,22,25,26,29,31,32,33,34,35,36,37,38,39} accuracy is 74.2%
	Using feature(s) {1,3,8,9,10,11,12,13,14,15,16,17,19,20,21,22,25,26,29,30,32,33,34,35,36,37,38,39} accuracy is 74.7%
	Using feature(s) {1,3,8,9,10,11,12,13,14,15,16,17,19,20,21,22,25,26,29,30,31,33,34,35,36,37,38,39} accuracy is 73.3%
	Using feature(s) {1,3,8,9,10,11,12,13,14,15,16,17,19,20,21,22,25,26,29,30,31,32,34,35,36,37,38,39} accuracy is 74.7%
	Using feature(s) {1,3,8,9,10,11,12,13,14,15,16,17,19,20,21,22,25,26,29,30,31,32,33,35,36,37,38,39} accuracy is 74.7%
	Using feature(s) {1,3,8,9,10,11,12,13,14,15,16,17,19,20,21,22,25,26,29,30,31,32,33,34,36,37,38,39} accuracy is 74.5%
	Using feature(s) {1,3,8,9,10,11,12,13,14,15,16,17,19,20,21,22,25,26,29,30,31,32,33,34,35,37,38,39} accuracy is 74.7%
	Using feature(s) {1,3,8,9,10,11,12,13,14,15,16,17,19,20,21,22,25,26,29,30,31,32,33,34,35,36,38,39} accuracy is 74.7%
	Using feature(s) {1,3,8,9,10,11,12,13,14,15,16,17,19,20,21,22,25,26,29,30,31,32,33,34,35,36,37,39} accuracy is 74.7%
	Using feature(s) {1,3,8,9,10,11,12,13,14,15,16,17,19,20,21,22,25,26,29,30,31,32,33,34,35,36,37,38} accuracy is 74.6%

Feature set {1,3,8,9,10,12,13,14,15,16,17,19,20,21,22,25,26,29,30,31,32,33,34,35,36,37,38,39} was best, accuracy is 74.7%
Warning: Accuracy has decreased from previously recorded maximum

	Using feature(s) {3,8,9,10,12,13,14,15,16,17,19,20,21,22,25,26,29,30,31,32,33,34,35,36,37,38,39} accuracy is 74.4%
	Using feature(s) {1,8,9,10,12,13,14,15,16,17,19,20,21,22,25,26,29,30,31,32,33,34,35,36,37,38,39} accuracy is 70.6%
	Using feature(s) {1,3,9,10,12,13,14,15,16,17,19,20,21,22,25,26,29,30,31,32,33,34,35,36,37,38,39} accuracy is 74.6%
	Using feature(s) {1,3,8,10,12,13,14,15,16,17,19,20,21,22,25,26,29,30,31,32,33,34,35,36,37,38,39} accuracy is 71.2%
	Using feature(s) {1,3,8,9,12,13,14,15,16,17,19,20,21,22,25,26,29,30,31,32,33,34,35,36,37,38,39} accuracy is 74.6%
	Using feature(s) {1,3,8,9,10,13,14,15,16,17,19,20,21,22,25,26,29,30,31,32,33,34,35,36,37,38,39} accuracy is 74.7%
	Using feature(s) {1,3,8,9,10,12,14,15,16,17,19,20,21,22,25,26,29,30,31,32,33,34,35,36,37,38,39} accuracy is 74.7%
	Using feature(s) {1,3,8,9,10,12,13,15,16,17,19,20,21,22,25,26,29,30,31,32,33,34,35,36,37,38,39} accuracy is 74.7%
	Using feature(s) {1,3,8,9,10,12,13,14,16,17,19,20,21,22,25,26,29,30,31,32,33,34,35,36,37,38,39} accuracy is 73.3%
	Using feature(s) {1,3,8,9,10,12,13,14,15,17,19,20,21,22,25,26,29,30,31,32,33,34,35,36,37,38,39} accuracy is 74.7%
	Using feature(s) {1,3,8,9,10,12,13,14,15,16,19,20,21,22,25,26,29,30,31,32,33,34,35,36,37,38,39} accuracy is 74.4%
	Using feature(s) {1,3,8,9,10,12,13,14,15,16,17,20,21,22,25,26,29,30,31,32,33,34,35,36,37,38,39} accuracy is 74.7%
	Using feature(s) {1,3,8,9,10,12,13,14,15,16,17,19,21,22,25,26,29,30,31,32,33,34,35,36,37,38,39} accuracy is 74.6%
	Using feature(s) {1,3,8,9,10,12,13,14,15,16,17,19,20,22,25,26,29,30,31,32,33,34,35,36,37,38,39} accuracy is 74.3%
	Using feature(s) {1,3,8,9,10,12,13,14,15,16,17,19,20,21,25,26,29,30,31,32,33,34,35,36,37,38,39} accuracy is 74.4%
	Using feature(s) {1,3,8,9,10,12,13,14,15,16,17,19,20,21,22,26,29,30,31,32,33,34,35,36,37,38,39} accuracy is 74.6%
	Using feature(s) {1,3,8,9,10,12,13,14,15,16,17,19,20,21,22,25,29,30,31,32,33,34,35,36,37,38,39} accuracy is 74.7%
	Using feature(s) {1,3,8,9,10,12,13,14,15,16,17,19,20,21,22,25,26,30,31,32,33,34,35,36,37,38,39} accuracy is 74.7%
	Using feature(s) {1,3,8,9,10,12,13,14,15,16,17,19,20,21,22,25,26,29,31,32,33,34,35,36,37,38,39} accuracy is 74.2%
	Using feature(s) {1,3,8,9,10,12,13,14,15,16,17,19,20,21,22,25,26,29,30,32,33,34,35,36,37,38,39} accuracy is 74.7%
	Using feature(s) {1,3,8,9,10,12,13,14,15,16,17,19,20,21,22,25,26,29,30,31,33,34,35,36,37,38,39} accuracy is 73.3%
	Using feature(s) {1,3,8,9,10,12,13,14,15,16,17,19,20,21,22,25,26,29,30,31,32,34,35,36,37,38,39} accuracy is 74.7%
	Using feature(s) {1,3,8,9,10,12,13,14,15,16,17,19,20,21,22,25,26,29,30,31,32,33,35,36,37,38,39} accuracy is 74.7%
	Using feature(s) {1,3,8,9,10,12,13,14,15,16,17,19,20,21,22,25,26,29,30,31,32,33,34,36,37,38,39} accuracy is 74.5%
	Using feature(s) {1,3,8,9,10,12,13,14,15,16,17,19,20,21,22,25,26,29,30,31,32,33,34,35,37,38,39} accuracy is 74.7%
	Using feature(s) {1,3,8,9,10,12,13,14,15,16,17,19,20,21,22,25,26,29,30,31,32,33,34,35,36,38,39} accuracy is 74.7%
	Using feature(s) {1,3,8,9,10,12,13,14,15,16,17,19,20,21,22,25,26,29,30,31,32,33,34,35,36,37,39} accuracy is 74.7%
	Using feature(s) {1,3,8,9,10,12,13,14,15,16,17,19,20,21,22,25,26,29,30,31,32,33,34,35,36,37,38} accuracy is 74.6%

Feature set {1,3,8,9,10,13,14,15,16,17,19,20,21,22,25,26,29,30,31,32,33,34,35,36,37,38,39} was best, accuracy is 74.7%
Warning: Accuracy has decreased from previously recorded maximum

	Using feature(s) {3,8,9,10,13,14,15,16,17,19,20,21,22,25,26,29,30,31,32,33,34,35,36,37,38,39} accuracy is 74.4%
	Using feature(s) {1,8,9,10,13,14,15,16,17,19,20,21,22,25,26,29,30,31,32,33,34,35,36,37,38,39} accuracy is 70.6%
	Using feature(s) {1,3,9,10,13,14,15,16,17,19,20,21,22,25,26,29,30,31,32,33,34,35,36,37,38,39} accuracy is 74.6%
	Using feature(s) {1,3,8,10,13,14,15,16,17,19,20,21,22,25,26,29,30,31,32,33,34,35,36,37,38,39} accuracy is 71.2%
	Using feature(s) {1,3,8,9,13,14,15,16,17,19,20,21,22,25,26,29,30,31,32,33,34,35,36,37,38,39} accuracy is 74.6%
	Using feature(s) {1,3,8,9,10,14,15,16,17,19,20,21,22,25,26,29,30,31,32,33,34,35,36,37,38,39} accuracy is 74.7%
	Using feature(s) {1,3,8,9,10,13,15,16,17,19,20,21,22,25,26,29,30,31,32,33,34,35,36,37,38,39} accuracy is 74.7%
	Using feature(s) {1,3,8,9,10,13,14,16,17,19,20,21,22,25,26,29,30,31,32,33,34,35,36,37,38,39} accuracy is 73.3%
	Using feature(s) {1,3,8,9,10,13,14,15,17,19,20,21,22,25,26,29,30,31,32,33,34,35,36,37,38,39} accuracy is 74.7%
	Using feature(s) {1,3,8,9,10,13,14,15,16,19,20,21,22,25,26,29,30,31,32,33,34,35,36,37,38,39} accuracy is 74.4%
	Using feature(s) {1,3,8,9,10,13,14,15,16,17,20,21,22,25,26,29,30,31,32,33,34,35,36,37,38,39} accuracy is 74.7%
	Using feature(s) {1,3,8,9,10,13,14,15,16,17,19,21,22,25,26,29,30,31,32,33,34,35,36,37,38,39} accuracy is 74.6%
	Using feature(s) {1,3,8,9,10,13,14,15,16,17,19,20,22,25,26,29,30,31,32,33,34,35,36,37,38,39} accuracy is 74.3%
	Using feature(s) {1,3,8,9,10,13,14,15,16,17,19,20,21,25,26,29,30,31,32,33,34,35,36,37,38,39} accuracy is 74.4%
	Using feature(s) {1,3,8,9,10,13,14,15,16,17,19,20,21,22,26,29,30,31,32,33,34,35,36,37,38,39} accuracy is 74.6%
	Using feature(s) {1,3,8,9,10,13,14,15,16,17,19,20,21,22,25,29,30,31,32,33,34,35,36,37,38,39} accuracy is 74.7%
	Using feature(s) {1,3,8,9,10,13,14,15,16,17,19,20,21,22,25,26,30,31,32,33,34,35,36,37,38,39} accuracy is 74.7%
	Using feature(s) {1,3,8,9,10,13,14,15,16,17,19,20,21,22,25,26,29,31,32,33,34,35,36,37,38,39} accuracy is 74.2%
	Using feature(s) {1,3,8,9,10,13,14,15,16,17,19,20,21,22,25,26,29,30,32,33,34,35,36,37,38,39} accuracy is 74.7%
	Using feature(s) {1,3,8,9,10,13,14,15,16,17,19,20,21,22,25,26,29,30,31,33,34,35,36,37,38,39} accuracy is 73.3%
	Using feature(s) {1,3,8,9,10,13,14,15,16,17,19,20,21,22,25,26,29,30,31,32,34,35,36,37,38,39} accuracy is 74.7%
	Using feature(s) {1,3,8,9,10,13,14,15,16,17,19,20,21,22,25,26,29,30,31,32,33,35,36,37,38,39} accuracy is 74.7%
	Using feature(s) {1,3,8,9,10,13,14,15,16,17,19,20,21,22,25,26,29,30,31,32,33,34,36,37,38,39} accuracy is 74.5%
	Using feature(s) {1,3,8,9,10,13,14,15,16,17,19,20,21,22,25,26,29,30,31,32,33,34,35,37,38,39} accuracy is 74.7%
	Using feature(s) {1,3,8,9,10,13,14,15,16,17,19,20,21,22,25,26,29,30,31,32,33,34,35,36,38,39} accuracy is 74.7%
	Using feature(s) {1,3,8,9,10,13,14,15,16,17,19,20,21,22,25,26,29,30,31,32,33,34,35,36,37,39} accuracy is 74.7%
	Using feature(s) {1,3,8,9,10,13,14,15,16,17,19,20,21,22,25,26,29,30,31,32,33,34,35,36,37,38} accuracy is 74.6%

Feature set {1,3,8,9,10,14,15,16,17,19,20,21,22,25,26,29,30,31,32,33,34,35,36,37,38,39} was best, accuracy is 74.7%
Warning: Accuracy has decreased from previously recorded maximum

	Using feature(s) {3,8,9,10,14,15,16,17,19,20,21,22,25,26,29,30,31,32,33,34,35,36,37,38,39} accuracy is 74.4%
	Using feature(s) {1,8,9,10,14,15,16,17,19,20,21,22,25,26,29,30,31,32,33,34,35,36,37,38,39} accuracy is 70.7%
	Using feature(s) {1,3,9,10,14,15,16,17,19,20,21,22,25,26,29,30,31,32,33,34,35,36,37,38,39} accuracy is 74.6%
	Using feature(s) {1,3,8,10,14,15,16,17,19,20,21,22,25,26,29,30,31,32,33,34,35,36,37,38,39} accuracy is 71.1%
	Using feature(s) {1,3,8,9,14,15,16,17,19,20,21,22,25,26,29,30,31,32,33,34,35,36,37,38,39} accuracy is 74.6%
	Using feature(s) {1,3,8,9,10,15,16,17,19,20,21,22,25,26,29,30,31,32,33,34,35,36,37,38,39} accuracy is 74.7%
	Using feature(s) {1,3,8,9,10,14,16,17,19,20,21,22,25,26,29,30,31,32,33,34,35,36,37,38,39} accuracy is 73.3%
	Using feature(s) {1,3,8,9,10,14,15,17,19,20,21,22,25,26,29,30,31,32,33,34,35,36,37,38,39} accuracy is 74.7%
	Using feature(s) {1,3,8,9,10,14,15,16,19,20,21,22,25,26,29,30,31,32,33,34,35,36,37,38,39} accuracy is 74.4%
	Using feature(s) {1,3,8,9,10,14,15,16,17,20,21,22,25,26,29,30,31,32,33,34,35,36,37,38,39} accuracy is 74.7%
	Using feature(s) {1,3,8,9,10,14,15,16,17,19,21,22,25,26,29,30,31,32,33,34,35,36,37,38,39} accuracy is 74.6%
	Using feature(s) {1,3,8,9,10,14,15,16,17,19,20,22,25,26,29,30,31,32,33,34,35,36,37,38,39} accuracy is 74.3%
	Using feature(s) {1,3,8,9,10,14,15,16,17,19,20,21,25,26,29,30,31,32,33,34,35,36,37,38,39} accuracy is 74.3%
	Using feature(s) {1,3,8,9,10,14,15,16,17,19,20,21,22,26,29,30,31,32,33,34,35,36,37,38,39} accuracy is 74.6%
	Using feature(s) {1,3,8,9,10,14,15,16,17,19,20,21,22,25,29,30,31,32,33,34,35,36,37,38,39} accuracy is 74.6%
	Using feature(s) {1,3,8,9,10,14,15,16,17,19,20,21,22,25,26,30,31,32,33,34,35,36,37,38,39} accuracy is 74.7%
	Using feature(s) {1,3,8,9,10,14,15,16,17,19,20,21,22,25,26,29,31,32,33,34,35,36,37,38,39} accuracy is 74.2%
	Using feature(s) {1,3,8,9,10,14,15,16,17,19,20,21,22,25,26,29,30,32,33,34,35,36,37,38,39} accuracy is 74.7%
	Using feature(s) {1,3,8,9,10,14,15,16,17,19,20,21,22,25,26,29,30,31,33,34,35,36,37,38,39} accuracy is 73.3%
	Using feature(s) {1,3,8,9,10,14,15,16,17,19,20,21,22,25,26,29,30,31,32,34,35,36,37,38,39} accuracy is 74.7%
	Using feature(s) {1,3,8,9,10,14,15,16,17,19,20,21,22,25,26,29,30,31,32,33,35,36,37,38,39} accuracy is 74.7%
	Using feature(s) {1,3,8,9,10,14,15,16,17,19,20,21,22,25,26,29,30,31,32,33,34,36,37,38,39} accuracy is 74.5%
	Using feature(s) {1,3,8,9,10,14,15,16,17,19,20,21,22,25,26,29,30,31,32,33,34,35,37,38,39} accuracy is 74.7%
	Using feature(s) {1,3,8,9,10,14,15,16,17,19,20,21,22,25,26,29,30,31,32,33,34,35,36,38,39} accuracy is 74.7%
	Using feature(s) {1,3,8,9,10,14,15,16,17,19,20,21,22,25,26,29,30,31,32,33,34,35,36,37,39} accuracy is 74.7%
	Using feature(s) {1,3,8,9,10,14,15,16,17,19,20,21,22,25,26,29,30,31,32,33,34,35,36,37,38} accuracy is 74.6%

Feature set {1,3,8,9,10,15,16,17,19,20,21,22,25,26,29,30,31,32,33,34,35,36,37,38,39} was best, accuracy is 74.7%
Warning: Accuracy has decreased from previously recorded maximum

	Using feature(s) {3,8,9,10,15,16,17,19,20,21,22,25,26,29,30,31,32,33,34,35,36,37,38,39} accuracy is 74.4%
	Using feature(s) {1,8,9,10,15,16,17,19,20,21,22,25,26,29,30,31,32,33,34,35,36,37,38,39} accuracy is 70.7%
	Using feature(s) {1,3,9,10,15,16,17,19,20,21,22,25,26,29,30,31,32,33,34,35,36,37,38,39} accuracy is 74.6%
	Using feature(s) {1,3,8,10,15,16,17,19,20,21,22,25,26,29,30,31,32,33,34,35,36,37,38,39} accuracy is 71.1%
	Using feature(s) {1,3,8,9,15,16,17,19,20,21,22,25,26,29,30,31,32,33,34,35,36,37,38,39} accuracy is 74.6%
	Using feature(s) {1,3,8,9,10,16,17,19,20,21,22,25,26,29,30,31,32,33,34,35,36,37,38,39} accuracy is 73.3%
	Using feature(s) {1,3,8,9,10,15,17,19,20,21,22,25,26,29,30,31,32,33,34,35,36,37,38,39} accuracy is 74.7%
	Using feature(s) {1,3,8,9,10,15,16,19,20,21,22,25,26,29,30,31,32,33,34,35,36,37,38,39} accuracy is 74.4%
	Using feature(s) {1,3,8,9,10,15,16,17,20,21,22,25,26,29,30,31,32,33,34,35,36,37,38,39} accuracy is 74.7%
	Using feature(s) {1,3,8,9,10,15,16,17,19,21,22,25,26,29,30,31,32,33,34,35,36,37,38,39} accuracy is 74.6%
	Using feature(s) {1,3,8,9,10,15,16,17,19,20,22,25,26,29,30,31,32,33,34,35,36,37,38,39} accuracy is 74.3%
	Using feature(s) {1,3,8,9,10,15,16,17,19,20,21,25,26,29,30,31,32,33,34,35,36,37,38,39} accuracy is 74.5%
	Using feature(s) {1,3,8,9,10,15,16,17,19,20,21,22,26,29,30,31,32,33,34,35,36,37,38,39} accuracy is 74.6%
	Using feature(s) {1,3,8,9,10,15,16,17,19,20,21,22,25,29,30,31,32,33,34,35,36,37,38,39} accuracy is 74.7%
	Using feature(s) {1,3,8,9,10,15,16,17,19,20,21,22,25,26,30,31,32,33,34,35,36,37,38,39} accuracy is 74.7%
	Using feature(s) {1,3,8,9,10,15,16,17,19,20,21,22,25,26,29,31,32,33,34,35,36,37,38,39} accuracy is 74.2%
	Using feature(s) {1,3,8,9,10,15,16,17,19,20,21,22,25,26,29,30,32,33,34,35,36,37,38,39} accuracy is 74.7%
	Using feature(s) {1,3,8,9,10,15,16,17,19,20,21,22,25,26,29,30,31,33,34,35,36,37,38,39} accuracy is 73.3%
	Using feature(s) {1,3,8,9,10,15,16,17,19,20,21,22,25,26,29,30,31,32,34,35,36,37,38,39} accuracy is 74.7%
	Using feature(s) {1,3,8,9,10,15,16,17,19,20,21,22,25,26,29,30,31,32,33,35,36,37,38,39} accuracy is 74.7%
	Using feature(s) {1,3,8,9,10,15,16,17,19,20,21,22,25,26,29,30,31,32,33,34,36,37,38,39} accuracy is 74.5%
	Using feature(s) {1,3,8,9,10,15,16,17,19,20,21,22,25,26,29,30,31,32,33,34,35,37,38,39} accuracy is 74.7%
	Using feature(s) {1,3,8,9,10,15,16,17,19,20,21,22,25,26,29,30,31,32,33,34,35,36,38,39} accuracy is 74.7%
	Using feature(s) {1,3,8,9,10,15,16,17,19,20,21,22,25,26,29,30,31,32,33,34,35,36,37,39} accuracy is 74.7%
	Using feature(s) {1,3,8,9,10,15,16,17,19,20,21,22,25,26,29,30,31,32,33,34,35,36,37,38} accuracy is 74.6%

Feature set {1,3,8,9,10,15,17,19,20,21,22,25,26,29,30,31,32,33,34,35,36,37,38,39} was best, accuracy is 74.7%
Warning: Accuracy has decreased from previously recorded maximum

	Using feature(s) {3,8,9,10,15,17,19,20,21,22,25,26,29,30,31,32,33,34,35,36,37,38,39} accuracy is 74.4%
	Using feature(s) {1,8,9,10,15,17,19,20,21,22,25,26,29,30,31,32,33,34,35,36,37,38,39} accuracy is 70.7%
	Using feature(s) {1,3,9,10,15,17,19,20,21,22,25,26,29,30,31,32,33,34,35,36,37,38,39} accuracy is 74.6%
	Using feature(s) {1,3,8,10,15,17,19,20,21,22,25,26,29,30,31,32,33,34,35,36,37,38,39} accuracy is 71.1%
	Using feature(s) {1,3,8,9,15,17,19,20,21,22,25,26,29,30,31,32,33,34,35,36,37,38,39} accuracy is 74.6%
	Using feature(s) {1,3,8,9,10,17,19,20,21,22,25,26,29,30,31,32,33,34,35,36,37,38,39} accuracy is 73.3%
	Using feature(s) {1,3,8,9,10,15,19,20,21,22,25,26,29,30,31,32,33,34,35,36,37,38,39} accuracy is 74.4%
	Using feature(s) {1,3,8,9,10,15,17,20,21,22,25,26,29,30,31,32,33,34,35,36,37,38,39} accuracy is 74.7%
	Using feature(s) {1,3,8,9,10,15,17,19,21,22,25,26,29,30,31,32,33,34,35,36,37,38,39} accuracy is 74.6%
	Using feature(s) {1,3,8,9,10,15,17,19,20,22,25,26,29,30,31,32,33,34,35,36,37,38,39} accuracy is 74.3%
	Using feature(s) {1,3,8,9,10,15,17,19,20,21,25,26,29,30,31,32,33,34,35,36,37,38,39} accuracy is 74.3%
	Using feature(s) {1,3,8,9,10,15,17,19,20,21,22,26,29,30,31,32,33,34,35,36,37,38,39} accuracy is 74.6%
	Using feature(s) {1,3,8,9,10,15,17,19,20,21,22,25,29,30,31,32,33,34,35,36,37,38,39} accuracy is 74.6%
	Using feature(s) {1,3,8,9,10,15,17,19,20,21,22,25,26,30,31,32,33,34,35,36,37,38,39} accuracy is 74.7%
	Using feature(s) {1,3,8,9,10,15,17,19,20,21,22,25,26,29,31,32,33,34,35,36,37,38,39} accuracy is 74.2%
	Using feature(s) {1,3,8,9,10,15,17,19,20,21,22,25,26,29,30,32,33,34,35,36,37,38,39} accuracy is 74.7%
	Using feature(s) {1,3,8,9,10,15,17,19,20,21,22,25,26,29,30,31,33,34,35,36,37,38,39} accuracy is 73.3%
	Using feature(s) {1,3,8,9,10,15,17,19,20,21,22,25,26,29,30,31,32,34,35,36,37,38,39} accuracy is 74.7%
	Using feature(s) {1,3,8,9,10,15,17,19,20,21,22,25,26,29,30,31,32,33,35,36,37,38,39} accuracy is 74.7%
	Using feature(s) {1,3,8,9,10,15,17,19,20,21,22,25,26,29,30,31,32,33,34,36,37,38,39} accuracy is 74.5%
	Using feature(s) {1,3,8,9,10,15,17,19,20,21,22,25,26,29,30,31,32,33,34,35,37,38,39} accuracy is 74.7%
	Using feature(s) {1,3,8,9,10,15,17,19,20,21,22,25,26,29,30,31,32,33,34,35,36,38,39} accuracy is 74.7%
	Using feature(s) {1,3,8,9,10,15,17,19,20,21,22,25,26,29,30,31,32,33,34,35,36,37,39} accuracy is 74.7%
	Using feature(s) {1,3,8,9,10,15,17,19,20,21,22,25,26,29,30,31,32,33,34,35,36,37,38} accuracy is 74.6%

Feature set {1,3,8,9,10,15,17,20,21,22,25,26,29,30,31,32,33,34,35,36,37,38,39} was best, accuracy is 74.7%
Warning: Accuracy has decreased from previously recorded maximum

	Using feature(s) {3,8,9,10,15,17,20,21,22,25,26,29,30,31,32,33,34,35,36,37,38,39} accuracy is 74.4%
	Using feature(s) {1,8,9,10,15,17,20,21,22,25,26,29,30,31,32,33,34,35,36,37,38,39} accuracy is 70.5%
	Using feature(s) {1,3,9,10,15,17,20,21,22,25,26,29,30,31,32,33,34,35,36,37,38,39} accuracy is 74.6%
	Using feature(s) {1,3,8,10,15,17,20,21,22,25,26,29,30,31,32,33,34,35,36,37,38,39} accuracy is 71%
	Using feature(s) {1,3,8,9,15,17,20,21,22,25,26,29,30,31,32,33,34,35,36,37,38,39} accuracy is 74.6%
	Using feature(s) {1,3,8,9,10,17,20,21,22,25,26,29,30,31,32,33,34,35,36,37,38,39} accuracy is 73.3%
	Using feature(s) {1,3,8,9,10,15,20,21,22,25,26,29,30,31,32,33,34,35,36,37,38,39} accuracy is 74.4%
	Using feature(s) {1,3,8,9,10,15,17,21,22,25,26,29,30,31,32,33,34,35,36,37,38,39} accuracy is 74.6%
	Using feature(s) {1,3,8,9,10,15,17,20,22,25,26,29,30,31,32,33,34,35,36,37,38,39} accuracy is 74.3%
	Using feature(s) {1,3,8,9,10,15,17,20,21,25,26,29,30,31,32,33,34,35,36,37,38,39} accuracy is 74.6%
	Using feature(s) {1,3,8,9,10,15,17,20,21,22,26,29,30,31,32,33,34,35,36,37,38,39} accuracy is 74.6%
	Using feature(s) {1,3,8,9,10,15,17,20,21,22,25,29,30,31,32,33,34,35,36,37,38,39} accuracy is 74.7%
	Using feature(s) {1,3,8,9,10,15,17,20,21,22,25,26,30,31,32,33,34,35,36,37,38,39} accuracy is 74.7%
	Using feature(s) {1,3,8,9,10,15,17,20,21,22,25,26,29,31,32,33,34,35,36,37,38,39} accuracy is 74.2%
	Using feature(s) {1,3,8,9,10,15,17,20,21,22,25,26,29,30,32,33,34,35,36,37,38,39} accuracy is 74.7%
	Using feature(s) {1,3,8,9,10,15,17,20,21,22,25,26,29,30,31,33,34,35,36,37,38,39} accuracy is 73.4%
	Using feature(s) {1,3,8,9,10,15,17,20,21,22,25,26,29,30,31,32,34,35,36,37,38,39} accuracy is 74.7%
	Using feature(s) {1,3,8,9,10,15,17,20,21,22,25,26,29,30,31,32,33,35,36,37,38,39} accuracy is 74.7%
	Using feature(s) {1,3,8,9,10,15,17,20,21,22,25,26,29,30,31,32,33,34,36,37,38,39} accuracy is 74.5%
	Using feature(s) {1,3,8,9,10,15,17,20,21,22,25,26,29,30,31,32,33,34,35,37,38,39} accuracy is 74.7%
	Using feature(s) {1,3,8,9,10,15,17,20,21,22,25,26,29,30,31,32,33,34,35,36,38,39} accuracy is 74.7%
	Using feature(s) {1,3,8,9,10,15,17,20,21,22,25,26,29,30,31,32,33,34,35,36,37,39} accuracy is 74.7%
	Using feature(s) {1,3,8,9,10,15,17,20,21,22,25,26,29,30,31,32,33,34,35,36,37,38} accuracy is 74.7%

Feature set {1,3,8,9,10,15,17,20,21,22,25,29,30,31,32,33,34,35,36,37,38,39} was best, accuracy is 74.7%
Warning: Accuracy has decreased from previously recorded maximum

	Using feature(s) {3,8,9,10,15,17,20,21,22,25,29,30,31,32,33,34,35,36,37,38,39} accuracy is 74.4%
	Using feature(s) {1,8,9,10,15,17,20,21,22,25,29,30,31,32,33,34,35,36,37,38,39} accuracy is 70.3%
	Using feature(s) {1,3,9,10,15,17,20,21,22,25,29,30,31,32,33,34,35,36,37,38,39} accuracy is 74.6%
	Using feature(s) {1,3,8,10,15,17,20,21,22,25,29,30,31,32,33,34,35,36,37,38,39} accuracy is 71.2%
	Using feature(s) {1,3,8,9,15,17,20,21,22,25,29,30,31,32,33,34,35,36,37,38,39} accuracy is 74.6%
	Using feature(s) {1,3,8,9,10,17,20,21,22,25,29,30,31,32,33,34,35,36,37,38,39} accuracy is 73.3%
	Using feature(s) {1,3,8,9,10,15,20,21,22,25,29,30,31,32,33,34,35,36,37,38,39} accuracy is 74.4%
	Using feature(s) {1,3,8,9,10,15,17,21,22,25,29,30,31,32,33,34,35,36,37,38,39} accuracy is 74.6%
	Using feature(s) {1,3,8,9,10,15,17,20,22,25,29,30,31,32,33,34,35,36,37,38,39} accuracy is 74.3%
	Using feature(s) {1,3,8,9,10,15,17,20,21,25,29,30,31,32,33,34,35,36,37,38,39} accuracy is 74.5%
	Using feature(s) {1,3,8,9,10,15,17,20,21,22,29,30,31,32,33,34,35,36,37,38,39} accuracy is 74.6%
	Using feature(s) {1,3,8,9,10,15,17,20,21,22,25,30,31,32,33,34,35,36,37,38,39} accuracy is 74.7%
	Using feature(s) {1,3,8,9,10,15,17,20,21,22,25,29,31,32,33,34,35,36,37,38,39} accuracy is 74.3%
	Using feature(s) {1,3,8,9,10,15,17,20,21,22,25,29,30,32,33,34,35,36,37,38,39} accuracy is 74.7%
	Using feature(s) {1,3,8,9,10,15,17,20,21,22,25,29,30,31,33,34,35,36,37,38,39} accuracy is 73.5%
	Using feature(s) {1,3,8,9,10,15,17,20,21,22,25,29,30,31,32,34,35,36,37,38,39} accuracy is 74.7%
	Using feature(s) {1,3,8,9,10,15,17,20,21,22,25,29,30,31,32,33,35,36,37,38,39} accuracy is 74.7%
	Using feature(s) {1,3,8,9,10,15,17,20,21,22,25,29,30,31,32,33,34,36,37,38,39} accuracy is 74.5%
	Using feature(s) {1,3,8,9,10,15,17,20,21,22,25,29,30,31,32,33,34,35,37,38,39} accuracy is 74.7%
	Using feature(s) {1,3,8,9,10,15,17,20,21,22,25,29,30,31,32,33,34,35,36,38,39} accuracy is 74.7%
	Using feature(s) {1,3,8,9,10,15,17,20,21,22,25,29,30,31,32,33,34,35,36,37,39} accuracy is 74.7%
	Using feature(s) {1,3,8,9,10,15,17,20,21,22,25,29,30,31,32,33,34,35,36,37,38} accuracy is 74.6%

Feature set {1,3,8,9,10,15,17,20,21,22,25,30,31,32,33,34,35,36,37,38,39} was best, accuracy is 74.7%
Warning: Accuracy has decreased from previously recorded maximum

	Using feature(s) {3,8,9,10,15,17,20,21,22,25,30,31,32,33,34,35,36,37,38,39} accuracy is 74.4%
	Using feature(s) {1,8,9,10,15,17,20,21,22,25,30,31,32,33,34,35,36,37,38,39} accuracy is 70.3%
	Using feature(s) {1,3,9,10,15,17,20,21,22,25,30,31,32,33,34,35,36,37,38,39} accuracy is 74.6%
	Using feature(s) {1,3,8,10,15,17,20,21,22,25,30,31,32,33,34,35,36,37,38,39} accuracy is 71.2%
	Using feature(s) {1,3,8,9,15,17,20,21,22,25,30,31,32,33,34,35,36,37,38,39} accuracy is 74.6%
	Using feature(s) {1,3,8,9,10,17,20,21,22,25,30,31,32,33,34,35,36,37,38,39} accuracy is 73.3%
	Using feature(s) {1,3,8,9,10,15,20,21,22,25,30,31,32,33,34,35,36,37,38,39} accuracy is 74.4%
	Using feature(s) {1,3,8,9,10,15,17,21,22,25,30,31,32,33,34,35,36,37,38,39} accuracy is 74.6%
	Using feature(s) {1,3,8,9,10,15,17,20,22,25,30,31,32,33,34,35,36,37,38,39} accuracy is 74.3%
	Using feature(s) {1,3,8,9,10,15,17,20,21,25,30,31,32,33,34,35,36,37,38,39} accuracy is 74.5%
	Using feature(s) {1,3,8,9,10,15,17,20,21,22,30,31,32,33,34,35,36,37,38,39} accuracy is 74.6%
	Using feature(s) {1,3,8,9,10,15,17,20,21,22,25,31,32,33,34,35,36,37,38,39} accuracy is 74.3%
	Using feature(s) {1,3,8,9,10,15,17,20,21,22,25,30,32,33,34,35,36,37,38,39} accuracy is 74.7%
	Using feature(s) {1,3,8,9,10,15,17,20,21,22,25,30,31,33,34,35,36,37,38,39} accuracy is 73.5%
	Using feature(s) {1,3,8,9,10,15,17,20,21,22,25,30,31,32,34,35,36,37,38,39} accuracy is 74.7%
	Using feature(s) {1,3,8,9,10,15,17,20,21,22,25,30,31,32,33,35,36,37,38,39} accuracy is 74.7%
	Using feature(s) {1,3,8,9,10,15,17,20,21,22,25,30,31,32,33,34,36,37,38,39} accuracy is 74.5%
	Using feature(s) {1,3,8,9,10,15,17,20,21,22,25,30,31,32,33,34,35,37,38,39} accuracy is 74.7%
	Using feature(s) {1,3,8,9,10,15,17,20,21,22,25,30,31,32,33,34,35,36,38,39} accuracy is 74.7%
	Using feature(s) {1,3,8,9,10,15,17,20,21,22,25,30,31,32,33,34,35,36,37,39} accuracy is 74.7%
	Using feature(s) {1,3,8,9,10,15,17,20,21,22,25,30,31,32,33,34,35,36,37,38} accuracy is 74.6%

Feature set {1,3,8,9,10,15,17,20,21,22,25,30,32,33,34,35,36,37,38,39} was best, accuracy is 74.7%
Warning: Accuracy has decreased from previously recorded maximum

	Using feature(s) {3,8,9,10,15,17,20,21,22,25,30,32,33,34,35,36,37,38,39} accuracy is 74.4%
	Using feature(s) {1,8,9,10,15,17,20,21,22,25,30,32,33,34,35,36,37,38,39} accuracy is 70.3%
	Using feature(s) {1,3,9,10,15,17,20,21,22,25,30,32,33,34,35,36,37,38,39} accuracy is 74.6%
	Using feature(s) {1,3,8,10,15,17,20,21,22,25,30,32,33,34,35,36,37,38,39} accuracy is 71.2%
	Using feature(s) {1,3,8,9,15,17,20,21,22,25,30,32,33,34,35,36,37,38,39} accuracy is 74.6%
	Using feature(s) {1,3,8,9,10,17,20,21,22,25,30,32,33,34,35,36,37,38,39} accuracy is 73.3%
	Using feature(s) {1,3,8,9,10,15,20,21,22,25,30,32,33,34,35,36,37,38,39} accuracy is 74.4%
	Using feature(s) {1,3,8,9,10,15,17,21,22,25,30,32,33,34,35,36,37,38,39} accuracy is 74.6%
	Using feature(s) {1,3,8,9,10,15,17,20,22,25,30,32,33,34,35,36,37,38,39} accuracy is 74.3%
	Using feature(s) {1,3,8,9,10,15,17,20,21,25,30,32,33,34,35,36,37,38,39} accuracy is 74.5%
	Using feature(s) {1,3,8,9,10,15,17,20,21,22,30,32,33,34,35,36,37,38,39} accuracy is 74.6%
	Using feature(s) {1,3,8,9,10,15,17,20,21,22,25,32,33,34,35,36,37,38,39} accuracy is 74.3%
	Using feature(s) {1,3,8,9,10,15,17,20,21,22,25,30,33,34,35,36,37,38,39} accuracy is 73.5%
	Using feature(s) {1,3,8,9,10,15,17,20,21,22,25,30,32,34,35,36,37,38,39} accuracy is 74.7%
	Using feature(s) {1,3,8,9,10,15,17,20,21,22,25,30,32,33,35,36,37,38,39} accuracy is 74.7%
	Using feature(s) {1,3,8,9,10,15,17,20,21,22,25,30,32,33,34,36,37,38,39} accuracy is 74.5%
	Using feature(s) {1,3,8,9,10,15,17,20,21,22,25,30,32,33,34,35,37,38,39} accuracy is 74.7%
	Using feature(s) {1,3,8,9,10,15,17,20,21,22,25,30,32,33,34,35,36,38,39} accuracy is 74.7%
	Using feature(s) {1,3,8,9,10,15,17,20,21,22,25,30,32,33,34,35,36,37,39} accuracy is 74.7%
	Using feature(s) {1,3,8,9,10,15,17,20,21,22,25,30,32,33,34,35,36,37,38} accuracy is 74.6%

Feature set {1,3,8,9,10,15,17,20,21,22,25,30,32,34,35,36,37,38,39} was best, accuracy is 74.7%
Warning: Accuracy has decreased from previously recorded maximum

	Using feature(s) {3,8,9,10,15,17,20,21,22,25,30,32,34,35,36,37,38,39} accuracy is 74.4%
	Using feature(s) {1,8,9,10,15,17,20,21,22,25,30,32,34,35,36,37,38,39} accuracy is 70.3%
	Using feature(s) {1,3,9,10,15,17,20,21,22,25,30,32,34,35,36,37,38,39} accuracy is 74.6%
	Using feature(s) {1,3,8,10,15,17,20,21,22,25,30,32,34,35,36,37,38,39} accuracy is 71.2%
	Using feature(s) {1,3,8,9,15,17,20,21,22,25,30,32,34,35,36,37,38,39} accuracy is 74.6%
	Using feature(s) {1,3,8,9,10,17,20,21,22,25,30,32,34,35,36,37,38,39} accuracy is 73.3%
	Using feature(s) {1,3,8,9,10,15,20,21,22,25,30,32,34,35,36,37,38,39} accuracy is 74.4%
	Using feature(s) {1,3,8,9,10,15,17,21,22,25,30,32,34,35,36,37,38,39} accuracy is 74.6%
	Using feature(s) {1,3,8,9,10,15,17,20,22,25,30,32,34,35,36,37,38,39} accuracy is 74.3%
	Using feature(s) {1,3,8,9,10,15,17,20,21,25,30,32,34,35,36,37,38,39} accuracy is 74.4%
	Using feature(s) {1,3,8,9,10,15,17,20,21,22,30,32,34,35,36,37,38,39} accuracy is 74.6%
	Using feature(s) {1,3,8,9,10,15,17,20,21,22,25,32,34,35,36,37,38,39} accuracy is 74.3%
	Using feature(s) {1,3,8,9,10,15,17,20,21,22,25,30,34,35,36,37,38,39} accuracy is 73.5%
	Using feature(s) {1,3,8,9,10,15,17,20,21,22,25,30,32,35,36,37,38,39} accuracy is 74.7%
	Using feature(s) {1,3,8,9,10,15,17,20,21,22,25,30,32,34,36,37,38,39} accuracy is 74.5%
	Using feature(s) {1,3,8,9,10,15,17,20,21,22,25,30,32,34,35,37,38,39} accuracy is 74.7%
	Using feature(s) {1,3,8,9,10,15,17,20,21,22,25,30,32,34,35,36,38,39} accuracy is 74.7%
	Using feature(s) {1,3,8,9,10,15,17,20,21,22,25,30,32,34,35,36,37,39} accuracy is 74.7%
	Using feature(s) {1,3,8,9,10,15,17,20,21,22,25,30,32,34,35,36,37,38} accuracy is 74.7%

Feature set {1,3,8,9,10,15,17,20,21,22,25,30,32,35,36,37,38,39} was best, accuracy is 74.7%
Warning: Accuracy has decreased from previously recorded maximum

	Using feature(s) {3,8,9,10,15,17,20,21,22,25,30,32,35,36,37,38,39} accuracy is 74.4%
	Using feature(s) {1,8,9,10,15,17,20,21,22,25,30,32,35,36,37,38,39} accuracy is 70.3%
	Using feature(s) {1,3,9,10,15,17,20,21,22,25,30,32,35,36,37,38,39} accuracy is 74.6%
	Using feature(s) {1,3,8,10,15,17,20,21,22,25,30,32,35,36,37,38,39} accuracy is 71.2%
	Using feature(s) {1,3,8,9,15,17,20,21,22,25,30,32,35,36,37,38,39} accuracy is 74.6%
	Using feature(s) {1,3,8,9,10,17,20,21,22,25,30,32,35,36,37,38,39} accuracy is 73.3%
	Using feature(s) {1,3,8,9,10,15,20,21,22,25,30,32,35,36,37,38,39} accuracy is 74.3%
	Using feature(s) {1,3,8,9,10,15,17,21,22,25,30,32,35,36,37,38,39} accuracy is 74.6%
	Using feature(s) {1,3,8,9,10,15,17,20,22,25,30,32,35,36,37,38,39} accuracy is 74.3%
	Using feature(s) {1,3,8,9,10,15,17,20,21,25,30,32,35,36,37,38,39} accuracy is 74.5%
	Using feature(s) {1,3,8,9,10,15,17,20,21,22,30,32,35,36,37,38,39} accuracy is 74.6%
	Using feature(s) {1,3,8,9,10,15,17,20,21,22,25,32,35,36,37,38,39} accuracy is 74.3%
	Using feature(s) {1,3,8,9,10,15,17,20,21,22,25,30,35,36,37,38,39} accuracy is 73.5%
	Using feature(s) {1,3,8,9,10,15,17,20,21,22,25,30,32,36,37,38,39} accuracy is 74.5%
	Using feature(s) {1,3,8,9,10,15,17,20,21,22,25,30,32,35,37,38,39} accuracy is 74.7%
	Using feature(s) {1,3,8,9,10,15,17,20,21,22,25,30,32,35,36,38,39} accuracy is 74.7%
	Using feature(s) {1,3,8,9,10,15,17,20,21,22,25,30,32,35,36,37,39} accuracy is 74.7%
	Using feature(s) {1,3,8,9,10,15,17,20,21,22,25,30,32,35,36,37,38} accuracy is 74.7%

Feature set {1,3,8,9,10,15,17,20,21,22,25,30,32,35,37,38,39} was best, accuracy is 74.7%
Warning: Accuracy has decreased from previously recorded maximum

	Using feature(s) {3,8,9,10,15,17,20,21,22,25,30,32,35,37,38,39} accuracy is 74.4%
	Using feature(s) {1,8,9,10,15,17,20,21,22,25,30,32,35,37,38,39} accuracy is 70.3%
	Using feature(s) {1,3,9,10,15,17,20,21,22,25,30,32,35,37,38,39} accuracy is 74.6%
	Using feature(s) {1,3,8,10,15,17,20,21,22,25,30,32,35,37,38,39} accuracy is 71.2%
	Using feature(s) {1,3,8,9,15,17,20,21,22,25,30,32,35,37,38,39} accuracy is 74.6%
	Using feature(s) {1,3,8,9,10,17,20,21,22,25,30,32,35,37,38,39} accuracy is 73.3%
	Using feature(s) {1,3,8,9,10,15,20,21,22,25,30,32,35,37,38,39} accuracy is 74.3%
	Using feature(s) {1,3,8,9,10,15,17,21,22,25,30,32,35,37,38,39} accuracy is 74.6%
	Using feature(s) {1,3,8,9,10,15,17,20,22,25,30,32,35,37,38,39} accuracy is 74.3%
	Using feature(s) {1,3,8,9,10,15,17,20,21,25,30,32,35,37,38,39} accuracy is 74.5%
	Using feature(s) {1,3,8,9,10,15,17,20,21,22,30,32,35,37,38,39} accuracy is 74.6%
	Using feature(s) {1,3,8,9,10,15,17,20,21,22,25,32,35,37,38,39} accuracy is 74.3%
	Using feature(s) {1,3,8,9,10,15,17,20,21,22,25,30,35,37,38,39} accuracy is 73.5%
	Using feature(s) {1,3,8,9,10,15,17,20,21,22,25,30,32,37,38,39} accuracy is 74.5%
	Using feature(s) {1,3,8,9,10,15,17,20,21,22,25,30,32,35,38,39} accuracy is 74.7%
	Using feature(s) {1,3,8,9,10,15,17,20,21,22,25,30,32,35,37,39} accuracy is 74.7%
	Using feature(s) {1,3,8,9,10,15,17,20,21,22,25,30,32,35,37,38} accuracy is 74.7%

Feature set {1,3,8,9,10,15,17,20,21,22,25,30,32,35,38,39} was best, accuracy is 74.7%
Warning: Accuracy has decreased from previously recorded maximum

	Using feature(s) {3,8,9,10,15,17,20,21,22,25,30,32,35,38,39} accuracy is 74.4%
	Using feature(s) {1,8,9,10,15,17,20,21,22,25,30,32,35,38,39} accuracy is 70.3%
	Using feature(s) {1,3,9,10,15,17,20,21,22,25,30,32,35,38,39} accuracy is 74.6%
	Using feature(s) {1,3,8,10,15,17,20,21,22,25,30,32,35,38,39} accuracy is 71.2%
	Using feature(s) {1,3,8,9,15,17,20,21,22,25,30,32,35,38,39} accuracy is 74.6%
	Using feature(s) {1,3,8,9,10,17,20,21,22,25,30,32,35,38,39} accuracy is 73.3%
	Using feature(s) {1,3,8,9,10,15,20,21,22,25,30,32,35,38,39} accuracy is 74.3%
	Using feature(s) {1,3,8,9,10,15,17,21,22,25,30,32,35,38,39} accuracy is 74.6%
	Using feature(s) {1,3,8,9,10,15,17,20,22,25,30,32,35,38,39} accuracy is 74.3%
	Using feature(s) {1,3,8,9,10,15,17,20,21,25,30,32,35,38,39} accuracy is 74.5%
	Using feature(s) {1,3,8,9,10,15,17,20,21,22,30,32,35,38,39} accuracy is 74.6%
	Using feature(s) {1,3,8,9,10,15,17,20,21,22,25,32,35,38,39} accuracy is 74.3%
	Using feature(s) {1,3,8,9,10,15,17,20,21,22,25,30,35,38,39} accuracy is 73.5%
	Using feature(s) {1,3,8,9,10,15,17,20,21,22,25,30,32,38,39} accuracy is 74.5%
	Using feature(s) {1,3,8,9,10,15,17,20,21,22,25,30,32,35,39} accuracy is 74.7%
	Using feature(s) {1,3,8,9,10,15,17,20,21,22,25,30,32,35,38} accuracy is 74.7%

Feature set {1,3,8,9,10,15,17,20,21,22,25,30,32,35,39} was best, accuracy is 74.7%
Warning: Accuracy has decreased from previously recorded maximum

	Using feature(s) {3,8,9,10,15,17,20,21,22,25,30,32,35,39} accuracy is 74.4%
	Using feature(s) {1,8,9,10,15,17,20,21,22,25,30,32,35,39} accuracy is 70.3%
	Using feature(s) {1,3,9,10,15,17,20,21,22,25,30,32,35,39} accuracy is 74.7%
	Using feature(s) {1,3,8,10,15,17,20,21,22,25,30,32,35,39} accuracy is 71.2%
	Using feature(s) {1,3,8,9,15,17,20,21,22,25,30,32,35,39} accuracy is 74.6%
	Using feature(s) {1,3,8,9,10,17,20,21,22,25,30,32,35,39} accuracy is 73.3%
	Using feature(s) {1,3,8,9,10,15,20,21,22,25,30,32,35,39} accuracy is 74.3%
	Using feature(s) {1,3,8,9,10,15,17,21,22,25,30,32,35,39} accuracy is 74.6%
	Using feature(s) {1,3,8,9,10,15,17,20,22,25,30,32,35,39} accuracy is 74.3%
	Using feature(s) {1,3,8,9,10,15,17,20,21,25,30,32,35,39} accuracy is 74.5%
	Using feature(s) {1,3,8,9,10,15,17,20,21,22,30,32,35,39} accuracy is 74.6%
	Using feature(s) {1,3,8,9,10,15,17,20,21,22,25,32,35,39} accuracy is 74.3%
	Using feature(s) {1,3,8,9,10,15,17,20,21,22,25,30,35,39} accuracy is 73.5%
	Using feature(s) {1,3,8,9,10,15,17,20,21,22,25,30,32,39} accuracy is 74.5%
	Using feature(s) {1,3,8,9,10,15,17,20,21,22,25,30,32,35} accuracy is 74.7%

Feature set {1,3,9,10,15,17,20,21,22,25,30,32,35,39} was best, accuracy is 74.7%
Warning: Accuracy has decreased from previously recorded maximum

	Using feature(s) {3,9,10,15,17,20,21,22,25,30,32,35,39} accuracy is 74.4%
	Using feature(s) {1,9,10,15,17,20,21,22,25,30,32,35,39} accuracy is 70.8%
	Using feature(s) {1,3,10,15,17,20,21,22,25,30,32,35,39} accuracy is 71.5%
	Using feature(s) {1,3,9,15,17,20,21,22,25,30,32,35,39} accuracy is 74.6%
	Using feature(s) {1,3,9,10,17,20,21,22,25,30,32,35,39} accuracy is 73.1%
	Using feature(s) {1,3,9,10,15,20,21,22,25,30,32,35,39} accuracy is 74.5%
	Using feature(s) {1,3,9,10,15,17,21,22,25,30,32,35,39} accuracy is 74.5%
	Using feature(s) {1,3,9,10,15,17,20,22,25,30,32,35,39} accuracy is 74.3%
	Using feature(s) {1,3,9,10,15,17,20,21,25,30,32,35,39} accuracy is 74.3%
	Using feature(s) {1,3,9,10,15,17,20,21,22,30,32,35,39} accuracy is 74.6%
	Using feature(s) {1,3,9,10,15,17,20,21,22,25,32,35,39} accuracy is 74.3%
	Using feature(s) {1,3,9,10,15,17,20,21,22,25,30,35,39} accuracy is 73.7%
	Using feature(s) {1,3,9,10,15,17,20,21,22,25,30,32,39} accuracy is 74.5%
	Using feature(s) {1,3,9,10,15,17,20,21,22,25,30,32,35} accuracy is 74.7%

Feature set {1,3,9,10,15,17,20,21,22,25,30,32,35} was best, accuracy is 74.7%
Warning: Accuracy has decreased from previously recorded maximum

	Using feature(s) {3,9,10,15,17,20,21,22,25,30,32,35} accuracy is 74.3%
	Using feature(s) {1,9,10,15,17,20,21,22,25,30,32,35} accuracy is 70.5%
	Using feature(s) {1,3,10,15,17,20,21,22,25,30,32,35} accuracy is 71.2%
	Using feature(s) {1,3,9,15,17,20,21,22,25,30,32,35} accuracy is 74.6%
	Using feature(s) {1,3,9,10,17,20,21,22,25,30,32,35} accuracy is 73.2%
	Using feature(s) {1,3,9,10,15,20,21,22,25,30,32,35} accuracy is 74.4%
	Using feature(s) {1,3,9,10,15,17,21,22,25,30,32,35} accuracy is 74.5%
	Using feature(s) {1,3,9,10,15,17,20,22,25,30,32,35} accuracy is 74.3%
	Using feature(s) {1,3,9,10,15,17,20,21,25,30,32,35} accuracy is 74.3%
	Using feature(s) {1,3,9,10,15,17,20,21,22,30,32,35} accuracy is 74.6%
	Using feature(s) {1,3,9,10,15,17,20,21,22,25,32,35} accuracy is 74.3%
	Using feature(s) {1,3,9,10,15,17,20,21,22,25,30,35} accuracy is 73.6%
	Using feature(s) {1,3,9,10,15,17,20,21,22,25,30,32} accuracy is 74.4%

Feature set {1,3,9,15,17,20,21,22,25,30,32,35} was best, accuracy is 74.6%
Warning: Accuracy has decreased from previously recorded maximum

	Using feature(s) {3,9,15,17,20,21,22,25,30,32,35} accuracy is 74.4%
	Using feature(s) {1,9,15,17,20,21,22,25,30,32,35} accuracy is 70.6%
	Using feature(s) {1,3,15,17,20,21,22,25,30,32,35} accuracy is 71.2%
	Using feature(s) {1,3,9,17,20,21,22,25,30,32,35} accuracy is 73%
	Using feature(s) {1,3,9,15,20,21,22,25,30,32,35} accuracy is 74.4%
	Using feature(s) {1,3,9,15,17,21,22,25,30,32,35} accuracy is 74.5%
	Using feature(s) {1,3,9,15,17,20,22,25,30,32,35} accuracy is 74.4%
	Using feature(s) {1,3,9,15,17,20,21,25,30,32,35} accuracy is 74.4%
	Using feature(s) {1,3,9,15,17,20,21,22,30,32,35} accuracy is 74.6%
	Using feature(s) {1,3,9,15,17,20,21,22,25,32,35} accuracy is 74.4%
	Using feature(s) {1,3,9,15,17,20,21,22,25,30,35} accuracy is 73.4%
	Using feature(s) {1,3,9,15,17,20,21,22,25,30,32} accuracy is 74.4%

Feature set {1,3,9,15,17,20,21,22,30,32,35} was best, accuracy is 74.6%
Warning: Accuracy has decreased from previously recorded maximum

	Using feature(s) {3,9,15,17,20,21,22,30,32,35} accuracy is 74.3%
	Using feature(s) {1,9,15,17,20,21,22,30,32,35} accuracy is 70.7%
	Using feature(s) {1,3,15,17,20,21,22,30,32,35} accuracy is 71%
	Using feature(s) {1,3,9,17,20,21,22,30,32,35} accuracy is 73%
	Using feature(s) {1,3,9,15,20,21,22,30,32,35} accuracy is 74.3%
	Using feature(s) {1,3,9,15,17,21,22,30,32,35} accuracy is 74.4%
	Using feature(s) {1,3,9,15,17,20,22,30,32,35} accuracy is 74.4%
	Using feature(s) {1,3,9,15,17,20,21,30,32,35} accuracy is 74.4%
	Using feature(s) {1,3,9,15,17,20,21,22,32,35} accuracy is 74.2%
	Using feature(s) {1,3,9,15,17,20,21,22,30,35} accuracy is 73.6%
	Using feature(s) {1,3,9,15,17,20,21,22,30,32} accuracy is 74.4%

Feature set {1,3,9,15,17,21,22,30,32,35} was best, accuracy is 74.4%
Warning: Accuracy has decreased from previously recorded maximum

	Using feature(s) {3,9,15,17,21,22,30,32,35} accuracy is 74.3%
	Using feature(s) {1,9,15,17,21,22,30,32,35} accuracy is 71%
	Using feature(s) {1,3,15,17,21,22,30,32,35} accuracy is 70.9%
	Using feature(s) {1,3,9,17,21,22,30,32,35} accuracy is 73%
	Using feature(s) {1,3,9,15,21,22,30,32,35} accuracy is 74.2%
	Using feature(s) {1,3,9,15,17,22,30,32,35} accuracy is 74.3%
	Using feature(s) {1,3,9,15,17,21,30,32,35} accuracy is 74.4%
	Using feature(s) {1,3,9,15,17,21,22,32,35} accuracy is 74.1%
	Using feature(s) {1,3,9,15,17,21,22,30,35} accuracy is 73.6%
	Using feature(s) {1,3,9,15,17,21,22,30,32} accuracy is 74.3%

Feature set {1,3,9,15,17,21,30,32,35} was best, accuracy is 74.4%
Warning: Accuracy has decreased from previously recorded maximum

	Using feature(s) {3,9,15,17,21,30,32,35} accuracy is 74.5%
	Using feature(s) {1,9,15,17,21,30,32,35} accuracy is 71.2%
	Using feature(s) {1,3,15,17,21,30,32,35} accuracy is 72.2%
	Using feature(s) {1,3,9,17,21,30,32,35} accuracy is 73%
	Using feature(s) {1,3,9,15,21,30,32,35} accuracy is 74.5%
	Using feature(s) {1,3,9,15,17,30,32,35} accuracy is 74.3%
	Using feature(s) {1,3,9,15,17,21,32,35} accuracy is 74.4%
	Using feature(s) {1,3,9,15,17,21,30,35} accuracy is 73.6%
	Using feature(s) {1,3,9,15,17,21,30,32} accuracy is 74.3%

Feature set {3,9,15,17,21,30,32,35} was best, accuracy is 74.5%
Warning: Accuracy has decreased from previously recorded maximum

	Using feature(s) {9,15,17,21,30,32,35} accuracy is 71.7%
	Using feature(s) {3,15,17,21,30,32,35} accuracy is 72.2%
	Using feature(s) {3,9,17,21,30,32,35} accuracy is 73.8%
	Using feature(s) {3,9,15,21,30,32,35} accuracy is 74.3%
	Using feature(s) {3,9,15,17,30,32,35} accuracy is 74.4%
	Using feature(s) {3,9,15,17,21,32,35} accuracy is 74.4%
	Using feature(s) {3,9,15,17,21,30,35} accuracy is 74%
	Using feature(s) {3,9,15,17,21,30,32} accuracy is 74.5%

Feature set {3,9,15,17,21,30,32} was best, accuracy is 74.5%
Warning: Accuracy has decreased from previously recorded maximum

	Using feature(s) {9,15,17,21,30,32} accuracy is 72%
	Using feature(s) {3,15,17,21,30,32} accuracy is 72.3%
	Using feature(s) {3,9,17,21,30,32} accuracy is 73.6%
	Using feature(s) {3,9,15,21,30,32} accuracy is 74.2%
	Using feature(s) {3,9,15,17,30,32} accuracy is 74.1%
	Using feature(s) {3,9,15,17,21,32} accuracy is 74.3%
	Using feature(s) {3,9,15,17,21,30} accuracy is 74.1%

Feature set {3,9,15,17,21,32} was best, accuracy is 74.3%
Warning: Accuracy has decreased from previously recorded maximum

	Using feature(s) {9,15,17,21,32} accuracy is 71.1%
	Using feature(s) {3,15,17,21,32} accuracy is 71.1%
	Using feature(s) {3,9,17,21,32} accuracy is 73.7%
	Using feature(s) {3,9,15,21,32} accuracy is 74.1%
	Using feature(s) {3,9,15,17,32} accuracy is 74.1%
	Using feature(s) {3,9,15,17,21} accuracy is 74.1%

Feature set {3,9,15,21,32} was best, accuracy is 74.1%
Warning: Accuracy has decreased from previously recorded maximum

	Using feature(s) {9,15,21,32} accuracy is 70.7%
	Using feature(s) {3,15,21,32} accuracy is 72.7%
	Using feature(s) {3,9,21,32} accuracy is 73.2%
	Using feature(s) {3,9,15,32} accuracy is 74.5%
	Using feature(s) {3,9,15,21} accuracy is 74.7%

Feature set {3,9,15,21} was best, accuracy is 74.7%
Warning: Accuracy has decreased from previously recorded maximum

	Using feature(s) {9,15,21} accuracy is 72.7%
	Using feature(s) {3,15,21} accuracy is 72.1%
	Using feature(s) {3,9,21} accuracy is 73.1%
	Using feature(s) {3,9,15} accuracy is 74.7%

Feature set {3,9,15} was best, accuracy is 74.7%
Warning: Accuracy has decreased from previously recorded maximum

	Using feature(s) {9,15} accuracy is 71.8%
	Using feature(s) {3,15} accuracy is 71.1%
	Using feature(s) {3,9} accuracy is 73%

Feature set {3,9} was best, accuracy is 73%
Warning: Accuracy has decreased from previously recorded maximum

	Using feature(s) {9} accuracy is 71.6%
	Using feature(s) {3} accuracy is 71.1%

Feature set {9} was best, accuracy is 71.6%
Warning: Accuracy has decreased from previously recorded maximum

	Using no features, accuracy is 16.6%

Warning: Accuracy has decreased from previously recorded maximum


Finished search. The best feature subset is {3,9,15} which has an accuracy of 74.7%
