   2.0000000e+00   2.3053469e+00   1.2449579e+00  -8.5462545e-01  -8.9189899e-01  -9.7655608e-01   4.4330981e-01  -5.7358660e-01   2.7951580e+00  -2.3808347e-01  -7.2469301e-01
   1.0000000e+00  -3.0457832e-01  -2.3588517e+00  -1.3979178e+00   6.7003468e-01  -1.3007036e+00  -1.9404183e-01  -8.6218850e-01   4.4226625e-01   1.2384301e-01   8.1928789e-01
   2.0000000e+00  -2.2230240e+00   2.3866916e-01  -1.0765818e+00  -5.6881124e-01  -3.8204392e-01   5.7638821e-01   6.6589871e-01  -7.9249867e-01  -2.4595094e-01   1.9468381e+00
   2.0000000e+00  -1.1301896e+00   3.5890065e-01  -1.2873815e+00  -1.7960626e-01  -1.9053931e+00  -3.0190691e-01   1.5100755e+00   9.4890396e-01  -4.5760407e-01  -7.3736972e-02
   2.0000000e+00  -1.7514127e+00   4.4671394e-02   6.0414364e-01   8.9146703e-01  -1.4378856e+00   1.7912537e+00  -7.7010502e-01   2.3200311e+00   1.2017307e+00   1.2654992e-01
   1.0000000e+00  -2.3091554e-01   7.4289615e-01   5.5367279e-01  -1.2111973e+00   1.7706156e-01  -5.2412241e-01   2.2488913e+00   6.7667622e-01  -2.9054415e-01  -9.8685640e-01
   2.0000000e+00   9.4934245e-01   2.6550832e-02  -7.4736777e-02   1.0676012e+00  -1.3199801e+00  -1.0031337e+00   1.9584010e-01   1.0511963e+00   6.6989921e-01  -3.0788651e-01
   2.0000000e+00  -1.1153093e+00   1.4393950e-01   1.6390108e-01   1.0904244e+00  -8.1246293e-01   2.7281442e-01  -1.2937378e-01  -4.2538655e-01   1.5805090e+00   1.2960682e+00
   2.0000000e+00   1.2364669e+00   1.2090288e-01  -3.3447236e-01  -9.0449407e-01  -7.8517883e-01  -1.2792932e+00   2.7425148e-01  -3.6604353e-01  -3.1275256e-01   3.5020198e-01
   2.0000000e+00   1.2057155e+00  -1.6893481e+00  -9.0407951e-01  -2.9037728e-01  -2.7512052e+00   1.1301473e+00  -3.2956001e-01  -4.4235388e-01   6.6626246e-01  -2.0754037e-01
   2.0000000e+00   9.1804171e-01  -4.2182546e-01   3.6191129e-01   1.8276643e-01  -1.2623643e+00  -9.6578401e-01  -1.4404310e-01   3.4182138e-01  -1.0032151e+00  -1.5031744e+00
   2.0000000e+00   9.1565162e-01   4.6140076e-02  -3.4137243e-01  -1.2753651e+00  -2.7113685e-01   1.1856871e+00   1.1542882e+00  -3.3674706e-02  -1.8539480e+00   1.4028457e+00
   2.0000000e+00   8.9620760e-01   1.9978645e+00   1.6697625e+00   5.7847852e-01  -9.5973049e-01  -7.7120184e-01   2.6320454e-01   1.4124495e+00   4.3492794e-01  -1.3298978e+00
   2.0000000e+00  -6.6797278e-01  -5.6166992e-03  -1.0137063e+00   1.0761017e+00  -7.1822654e-01  -1.2831950e+00  -1.7315664e-02  -1.5830433e+00   5.7911681e-01  -4.5415227e-01
   2.0000000e+00   5.5559422e-01   1.0834211e-01  -4.9493995e-01   1.5360504e+00   2.3359884e-01   5.2235648e-01  -1.1834743e+00   4.1318784e-01   9.4559639e-01   1.2808951e+00
   2.0000000e+00   1.0048577e+00  -1.1273012e+00  -1.5559964e+00  -9.7524634e-01   1.1968408e+00  -9.8587480e-01   1.3290404e-02  -1.3280740e+00  -1.5066862e+00   8.6001058e-01
   2.0000000e+00  -3.3229021e-01   1.4015694e+00  -3.6313351e-02   1.7769537e+00   9.8072206e-01  -5.9911988e-01   9.1388663e-01   2.7663395e-01   2.1476666e+00   7.8131309e-01
   2.0000000e+00   1.1173479e+00   5.5862224e-01  -6.8857913e-01  -1.1800606e+00  -4.2964999e-01  -9.5125571e-01   1.3192490e+00   9.3134354e-01  -7.3399913e-01   1.4838460e+00
   2.0000000e+00  -6.4252628e-01   5.9184657e-01  -3.5032447e-01   2.3409980e-01   6.5773794e-01  -9.8869732e-01   8.0892795e-01  -2.8713856e-01  -9.8040876e-01   1.6856449e+00
   2.0000000e+00   1.0736980e+00   1.0875060e-01  -6.8866888e-01   4.0951216e-01  -1.7539519e+00  -1.2985199e+00  -1.5597638e+00  -1.0749758e+00  -4.3627424e-01   4.7600378e-01
   2.0000000e+00   3.8660363e-01   5.5604401e-01  -1.9258056e+00  -3.4472244e-01  -3.3270580e-01  -5.0419212e-01  -1.7589433e+00  -1.0444969e+00  -3.2244506e-02  -3.1070063e+00
   2.0000000e+00  -6.4368619e-01   1.2616792e+00  -4.3425671e-01  -1.8741334e+00  -1.1111809e-01   1.2090426e+00  -5.8147739e-02  -1.6410381e+00  -7.2701180e-02   8.0585083e-01
   2.0000000e+00  -1.1378275e+00   2.9951368e-01  -4.6992793e-01   8.2760220e-01  -2.1641993e+00   5.2598291e-01   1.2369415e+00   8.7715528e-01   5.8316164e-01  -1.1149062e+00
   2.0000000e+00  -9.2231546e-02  -2.6869380e-01  -6.0676453e-01  -6.6114260e-01  -1.2894621e+00   7.1059891e-01  -1.4254679e+00   1.3450109e+00   2.1978297e+00   9.9868201e-01
   2.0000000e+00   8.4653328e-02   1.6407319e-01  -5.4387344e-01  -1.2325899e+00  -2.1320082e+00  -2.0148476e-02   2.3233782e+00  -2.5087027e-01   4.0062596e-01  -5.6157322e-01
   2.0000000e+00   7.4169302e-01   1.2961600e-02  -2.0878124e+00  -5.9132557e-01   1.0447905e+00   2.5161835e+00  -8.7917407e-01  -6.1708375e-01   1.5317332e+00   2.3638393e-01
   2.0000000e+00   4.2674177e-01  -4.2105585e-01   1.4095534e+00  -8.3657091e-01   1.1530764e+00  -6.8854877e-01   3.7888347e-01  -3.9440555e-01   1.3344031e+00   5.6608086e-01
   2.0000000e+00   2.0804412e+00   9.0815859e-01  -2.6343305e-01  -6.3877428e-01   1.5832405e+00   1.2451786e+00   1.2198284e+00  -9.2323451e-01   5.7613245e-01   7.7657061e-01
   2.0000000e+00   3.3760822e-01  -1.1847344e+00  -1.0254148e+00  -6.0048287e-01  -3.6490864e-01   3.5153452e-01  -5.0832026e-02  -6.2644424e-01   1.3018343e+00   5.2982666e-01
   2.0000000e+00   1.0403201e-01  -1.8774974e+00  -8.6730465e-01  -2.2293280e-01   4.7841577e-02  -1.7972306e-01   5.6216326e-01  -1.1935995e+00  -4.6103497e-01   1.0974952e+00
   2.0000000e+00   1.2175149e+00   2.1659832e-01   2.0014586e+00   1.7684788e+00   1.1240322e+00   1.3019844e+00   1.1755036e+00  -1.2022980e+00   4.1493547e-01   6.4478691e-01
   2.0000000e+00   9.3333600e-03   4.6768947e-01  -6.9566120e-01  -3.1658297e-01   1.2053728e-01  -1.0754987e+00  -1.7889604e-01  -5.3234204e-01  -1.0779192e+00   3.1335039e-01
   1.0000000e+00   1.4406534e+00   1.8058864e+00  -7.8444149e-01  -1.5789405e+00   2.0601117e+00  -5.4022408e-01  -1.1425415e-01   2.3891177e-01  -1.4826858e-01   1.2240057e+00
   2.0000000e+00   1.3491521e+00   2.3789577e+00  -1.4904901e+00   1.9189172e+00   1.6650751e-01  -2.7137647e+00   5.4996882e-01  -1.1996686e+00  -2.2779800e-01  -8.7068238e-01
   2.0000000e+00  -9.2509696e-01   1.5370920e-01  -1.2236730e-01   2.1041592e-01   1.3450208e+00   1.3334467e-01   8.3925281e-01   1.8855546e+00   1.3858588e+00  -1.0944594e+00
   2.0000000e+00  -1.8386895e+00  -2.0094590e-02  -2.1760527e+00   5.9662949e-01   3.3577931e-01   2.7115137e-01  -7.8792457e-01   3.5370734e-01  -1.3051961e+00  -1.6383499e+00
   2.0000000e+00  -9.6471286e-03  -2.0960903e+00   2.0359048e-01  -5.9407329e-01   6.3003855e-01   1.4230981e+00   7.0306381e-01  -1.4641007e+00   1.8636954e+00  -9.6640330e-01
   2.0000000e+00   1.2387692e+00   4.8437655e-01   1.0275862e+00  -5.5198005e-01   1.3000558e+00   1.2654849e+00  -2.8444876e-01   7.4476948e-01   8.4308510e-01  -4.1050102e-01
   2.0000000e+00   2.6881540e-01   1.4474469e+00   3.0605477e-01   9.6373459e-01   1.4063558e+00   7.2848463e-02   1.3748575e+00  -1.0714169e+00  -2.3251071e-01   2.5938239e+00
   2.0000000e+00  -4.1323118e-01   1.5591342e+00  -6.5994603e-01  -1.3251121e+00  -3.8203383e-01  -1.6381551e-01   1.6085956e+00  -1.0368507e+00  -6.6517228e-01   1.5651486e+00
   2.0000000e+00  -1.4874891e+00  -3.0111381e-01  -1.0102182e+00  -1.3109396e+00   1.0887619e+00   7.6069655e-01  -1.6467957e+00  -1.4237609e-01  -1.0178761e+00   5.8227554e-01
   2.0000000e+00   7.6444570e-01   1.6695196e+00   2.2815965e+00  -1.0479690e+00   2.0960262e-02  -1.0179687e-01  -1.5625916e+00  -4.4122186e-01   1.0517966e+00  -1.9598907e-01
   2.0000000e+00  -8.8052030e-01   6.6087296e-01   7.1043381e-01   1.7462838e-01  -2.5645738e-01   3.7086191e-01  -1.1756336e-01  -1.0526286e+00   5.6204587e-01   2.0440372e+00
   2.0000000e+00  -1.7633446e-01   7.1578971e-03  -9.8096731e-01  -6.3016649e-02  -1.8729018e+00  -1.9464280e+00   1.1133738e+00  -2.3013608e-01   8.1766254e-01  -3.9888212e-01
   2.0000000e+00  -5.1201593e-02   9.1864573e-01   6.8430933e-01   1.3192606e-01   8.3605765e-01  -7.9243118e-01  -1.4122098e+00   3.2535867e-01  -9.4731907e-01   1.1290083e+00
   2.0000000e+00  -1.4296356e+00  -1.5737639e+00  -7.4119146e-01   1.0244648e+00   1.9110841e-01   5.6689189e-01  -9.1566367e-01  -9.8686489e-01  -1.6385753e+00   8.3090861e-01
   2.0000000e+00  -4.5882244e-01   8.5346967e-01   9.2955367e-01   8.2918012e-03   8.3023937e-01   2.9983277e-01   7.2080569e-01  -9.2002467e-01   1.4693183e+00  -2.9695590e-01
   1.0000000e+00   8.2085309e-01  -1.9648309e-01  -3.9476996e-01   4.8984844e-01   6.0390433e-01   1.0792678e+00   1.2002405e+00   3.0053102e-02   1.5217275e-01   3.9735223e-01
   2.0000000e+00  -1.3364658e-01   6.5708161e-01   9.0009753e-01  -8.9022023e-01  -3.5801304e-01  -1.4179715e+00   1.1943846e+00   9.9913773e-02  -9.2935843e-01   2.9488848e-01
   1.0000000e+00  -1.2298014e+00   1.3620724e+00  -7.8466862e-01   3.8320646e-01  -9.0482399e-01  -8.4272406e-01  -4.0647103e-01   3.6440368e-01   5.0463187e-01  -9.5035935e-01
   2.0000000e+00  -7.4102896e-01   8.8530131e-02  -6.6376666e-01   4.9991968e-01   3.9587958e-01  -1.6887434e-01  -7.6449817e-01  -2.8055787e-02   6.6293136e-02   8.9341973e-01
   2.0000000e+00   1.6157042e+00  -1.2007126e+00   7.7367088e-01   5.3340171e-01   1.4276940e-01  -1.9936347e+00  -9.0638755e-01  -9.9538724e-01   2.6391251e+00   2.1106458e+00
   2.0000000e+00   1.5418634e+00  -7.9533177e-01  -1.1134694e+00   4.1309886e-01   1.3430131e+00   3.4620757e-01   1.4757944e+00  -1.5299931e-01   6.7985709e-01   1.5704472e+00
   1.0000000e+00  -5.5026995e-01   3.3708949e-01  -1.2102414e-01  -2.0785332e-01   2.6689440e-01  -1.1212804e+00   4.3457378e-02   1.6034127e-01  -7.3375663e-01   3.8396648e-01
   2.0000000e+00   2.1110169e-01  -9.1604928e-01  -1.6599983e+00  -1.5319751e+00   4.8226941e-01   1.3566909e+00   4.2552033e-01  -1.3740135e+00   6.1330717e-01   3.8621324e-01
   1.0000000e+00  -1.0298060e+00  -3.4669375e-01   1.3354210e+00   6.3869781e-01  -8.4673231e-01   3.3156308e-01   4.0701927e-01   4.1522603e-01   6.0081718e-01  -1.5589029e+00
   2.0000000e+00  -1.0222875e-01   7.2865051e-01  -1.2559027e+00   3.2888373e-01  -1.0657508e+00  -8.5924311e-01   1.3262968e+00   1.1073236e+00  -6.9660941e-01   6.1950660e-01
   2.0000000e+00  -1.0610735e+00  -2.6928059e+00  -2.2893674e+00   1.1716999e+00   2.2567116e-01   8.6561375e-01  -1.3723780e+00  -5.3254308e-01  -1.9376052e+00   1.0652050e+00
   2.0000000e+00   2.2839231e+00   4.0704832e-01  -1.0881827e+00   3.0859503e-01   3.7383020e-02  -8.9703917e-01   1.1692099e+00   1.2189923e+00  -7.0350118e-01   8.7123765e-01
   1.0000000e+00  -5.6279302e-01  -1.2344820e+00   2.9543898e-01   1.9862544e+00  -2.1855054e+00  -1.2902297e+00  -2.4304043e-01   6.8840267e-01   2.6789470e-01  -1.2956185e+00
   1.0000000e+00  -6.3104531e-01   2.3586469e+00   1.2585000e+00  -9.2494566e-01   7.2398973e-01  -1.5166114e-01   3.8494773e-01   6.9605590e-02  -8.7384852e-01   3.1266948e-02
   2.0000000e+00   1.7884783e-01   2.7513240e-01   2.9670739e-01   5.4351759e-02  -1.0768187e+00   2.2715326e+00  -9.6380358e-01   1.0039724e+00  -1.4948824e-01  -9.7438204e-01
   2.0000000e+00  -2.4252186e-01  -1.4664605e+00   2.9129113e-01  -1.2695312e+00  -5.9340343e-02   5.2447932e-01   1.3752208e+00  -2.1132301e+00   3.3855215e-01  -1.5485944e+00
   2.0000000e+00  -1.8826817e+00  -7.1565792e-02   1.3912692e+00  -4.8724040e-01  -1.5657929e+00  -9.0000821e-01  -9.9984757e-02   1.5069098e+00  -1.0075874e+00  -8.2820449e-02
   2.0000000e+00  -1.3929243e+00   2.0148377e-01   1.2558755e+00   6.4326400e-01  -5.1420476e-02  -1.2760039e+00  -8.8767037e-01   2.6853988e-01  -8.7289599e-01  -6.1104585e-01
   2.0000000e+00   7.4996765e-01  -9.0217296e-01   2.6663663e-01  -3.1379100e-01  -8.6095389e-01  -6.5409892e-01   2.3222629e-02  -2.5724910e-01  -4.9956393e-01   2.5880334e-01
   2.0000000e+00  -4.8988497e-02   2.4158134e-01   7.7251880e-01  -6.0318719e-01  -6.3630223e-02   4.6022401e-01  -1.4073942e+00  -1.3805830e+00  -1.6219026e+00  -7.2005165e-01
   2.0000000e+00  -1.4257817e-01  -2.2185764e-02   1.1875025e+00   1.3190467e+00   8.2750777e-02   1.2859056e-01   2.6334864e-01  -1.3815499e+00  -1.1550111e+00   1.7041010e-01
   1.0000000e+00  -1.9496842e+00  -8.3309559e-01  -6.9937031e-02   3.7144853e-01  -1.1969157e+00  -9.1772423e-01  -8.2207866e-01   9.8868631e-03   2.9093165e-01   6.6336557e-01
   1.0000000e+00   2.1363806e+00  -1.1293018e+00  -4.7689060e-02  -2.8831558e-01   3.7676209e-01  -1.1730194e+00  -2.2283575e-01   1.9843920e-01   4.7677481e-02  -1.2161874e+00
   2.0000000e+00   1.7479777e+00   3.8360572e-01  -2.7346196e-01   2.1727190e+00  -4.6872811e-02   1.3106783e+00  -8.0967287e-01  -2.1038451e-01  -2.4847668e-01   3.2028899e-01
   2.0000000e+00  -7.1064821e-01   4.8647628e-02  -4.7811908e-01  -3.7334626e-01   1.7946046e+00  -1.4721616e+00   7.3111139e-01  -1.1334810e+00   8.2204580e-01   1.1505057e+00
   2.0000000e+00  -1.0493546e+00  -1.5695712e+00   8.4314862e-01   5.1710734e-01  -8.1389923e-01  -8.2724856e-01  -6.8381200e-01  -1.3492768e-01   1.7012740e+00   7.8589911e-01
   2.0000000e+00  -1.8802957e+00  -1.3819596e-01  -8.1392147e-01  -2.7146026e-01  -2.6456955e-01  -9.3271304e-02  -1.4383292e+00   3.8740429e-01   8.4429117e-01   7.7329761e-01
   2.0000000e+00   2.0769455e+00  -1.5357169e+00   3.6024041e-01   3.6428611e-01  -4.8330397e-01  -7.1731415e-01   2.6632748e-01   1.4937275e+00  -9.4540654e-01  -2.9341289e+00
   2.0000000e+00   7.5287665e-01  -1.1643859e+00   1.5302514e-01   7.1438107e-01  -4.5342672e-01  -5.1860406e-01  -2.5494370e+00  -1.4127605e+00   9.4795920e-01  -1.1589831e+00
   2.0000000e+00   2.2466513e-01   1.0742848e+00  -6.0616575e-01  -3.7518939e-01   1.3027967e+00   1.4619743e+00   1.3989659e+00  -1.0826203e+00  -2.6332524e-01   3.3987699e-01
   2.0000000e+00   2.1287744e-01  -8.2897149e-01  -8.0005669e-01  -6.2165312e-01   1.0820205e+00  -1.2442078e+00  -3.4284348e-01  -1.0869664e+00   8.7080236e-01  -7.4419409e-01
   2.0000000e+00  -9.8730123e-01   4.8453298e-01  -2.1294805e+00   1.4877375e+00  -4.9796827e-02  -2.2817887e-01  -2.0147977e-01   7.0563326e-01  -1.1923536e+00  -2.1180027e-01
   2.0000000e+00  -1.1529232e+00   4.8609131e-01  -6.1128682e-01   1.5411828e-02  -1.3940564e+00  -1.9577463e+00  -1.1301701e-01  -5.2488877e-01  -7.0786842e-02   1.2511344e+00
   2.0000000e+00  -5.1277300e-01   1.5229055e+00  -9.6762948e-01  -9.5695026e-01   3.8563865e-01   4.1162532e-01   1.0742101e+00  -1.0170184e+00   2.8093378e+00  -1.1597273e+00
   2.0000000e+00   3.9495572e-01  -6.0763574e-01  -9.5738202e-02   6.7627750e-03  -7.4914250e-01   4.4850229e-01   8.0616999e-01  -2.3584287e+00  -8.5936257e-01   1.2359878e-01
   1.0000000e+00   6.9264745e-01  -1.1078304e-01  -9.5718244e-02  -9.7269196e-01  -2.6508151e-02   1.2522021e+00   1.0786455e-01   6.2804949e-01   2.0471803e-01  -8.6266708e-02
   2.0000000e+00   9.9776099e-01  -1.6060986e-01  -1.5782274e+00  -5.7298199e-01  -6.0523001e-02  -5.4689782e-01  -1.6913394e+00  -1.7538100e-01  -1.3254963e+00  -8.0579634e-02
   2.0000000e+00   6.2487182e-01  -9.6041113e-01  -6.0720261e-01  -3.5584871e-01   1.2717238e+00  -4.6300471e-01  -3.8895127e-01  -8.7768695e-01   5.3321269e-03  -4.1525555e-01
   2.0000000e+00   3.6215244e-02   1.1528065e+00   9.9489907e-01   1.4551804e+00   1.0527980e+00  -8.5087855e-01  -7.0367762e-01  -5.6405408e-01   1.2205138e+00  -4.8194580e-01
   2.0000000e+00   1.0588461e+00  -2.7447805e+00  -9.1422953e-01   2.1253728e-01  -1.1160062e+00  -2.2405541e-01  -9.4972258e-01   1.1674357e+00  -1.1389790e+00   1.4733034e-01
   2.0000000e+00   2.5950309e-01  -1.4190721e+00   2.1155284e+00   3.1601766e-01  -1.9917967e+00  -4.2212064e-01   7.6081491e-01  -1.0791662e-01  -7.3727780e-01   3.0852667e-01
   2.0000000e+00  -2.2984500e-01   7.9057748e-01  -9.0363732e-01   1.1655544e+00  -1.3915398e-01  -8.0561433e-01  -5.5997642e-01   2.6259170e+00   9.5836596e-01  -9.5940952e-01
   1.0000000e+00  -2.8470816e-01  -1.9392942e-01   3.0746869e-01  -2.6752380e-01  -1.2461099e+00  -3.3640061e-01  -1.4130726e+00   1.6161547e-01   8.2203130e-01   9.5292621e-01
   2.0000000e+00  -8.7081586e-01  -1.8426655e+00   6.0974217e-01  -2.0085238e+00   4.8877032e-01  -1.4039112e-01  -2.7877238e-02  -1.1983695e+00  -3.4894663e-01  -1.4003400e+00
   2.0000000e+00   8.5573246e-01  -5.4659303e-01  -2.0239710e+00  -8.5170408e-01   7.2809978e-01  -1.3301889e+00   2.7134070e-01   2.7573957e+00  -1.2830538e+00  -7.2358620e-01
   2.0000000e+00   2.0713778e-01   1.7719517e+00  -1.8442006e+00   1.3271923e+00  -6.1150004e-01  -7.0498695e-01   1.4183944e+00   1.5032080e+00  -7.4112032e-01   1.0411732e+00
   2.0000000e+00   2.9738418e+00   6.6063463e-01   7.6660512e-01   7.0980356e-01   1.1916430e+00  -1.9736036e+00   3.8975842e-01  -1.8350423e+00  -4.7731310e-01  -6.9229237e-01
   2.0000000e+00   4.3110883e-01   1.0184120e+00  -1.1706065e+00  -1.2592373e-01  -1.8399377e-01   2.1551436e+00   6.4285052e-01  -2.9317205e-01   1.5638411e+00   2.9106949e-01
   2.0000000e+00   1.9605672e+00  -2.7292616e-02  -6.1845968e-01   4.9720955e-01   1.7221621e+00   8.0229395e-01  -1.9178991e-01  -8.7159242e-01   7.1555033e-02   1.5361499e+00
   2.0000000e+00   1.5134252e-01  -1.7952555e+00  -1.2703705e-01  -3.8541142e-01  -8.1445167e-02  -8.2622724e-01  -3.8835750e-01  -1.3936044e-01   7.3553023e-01   8.0201983e-01
   2.0000000e+00  -7.2409333e-01   2.5601220e-01  -1.8766034e-01  -1.0918755e+00   9.1326093e-01  -6.3817295e-01  -3.7892367e-01  -9.9782643e-01  -1.0428810e+00   2.9443672e+00
   1.0000000e+00   3.9855987e-01   1.0961476e+00   8.0189033e-01   1.7857359e-01   8.1268422e-01   1.3584237e+00  -1.0595528e+00   3.3732224e-01  -2.2509284e-01   5.5579532e-01
   2.0000000e+00   8.1894349e-01   3.8005267e-02  -1.4086620e-01   6.1651493e-01   1.1146926e+00  -2.3149155e+00  -1.5460892e+00   3.5634513e-01   2.0899776e+00  -1.0882278e+00
